0	0	1922.764	-119.813
1	0	1731.492	-103.58
0	1	1167.91	-139.368
1	1	1004.606	-95.004
0	2	2163.508	-152.975
1	2	1975.388	-100.918
0	3	2163.508	-152.975
1	3	1975.388	-100.918
0	4	2143.752	-177.982
1	4	1957.569	-122.927
0	5	2162.856	-168.223
1	5	1974.846	-114.711
0	6	2162.856	-168.223
1	6	1974.846	-114.711
0	7	1569.273	-204.757
1	7	1395.616	-170.517
0	8	1569.273	-204.757
1	8	1395.616	-170.517
0	9	2130.249	-215.949
1	9	1945.445	-157.122
0	10	2130.249	-215.949
1	10	1945.445	-157.122
0	11	2150.42	-210.673
1	11	1963.419	-152.853
0	12	2150.258	-216.303
1	12	1963.138	-158.158
0	13	890.538	-278.416
1	13	516.508	-1710.615
0	14	1347.831	-256.089
1	14	1182.229	-209.499
0	15	1569.65	-257.428
1	15	1395.705	-219.662
0	16	1843.968	-373.851
1	16	1654.561	-338.212
0	17	2039.99	-361.658
1	17	1837.72	-332.569
0	18	1811.749	-408.841
1	18	1623.959	-371.891
0	19	1856.54	-399.654
1	19	1666.734	-362.722
0	20	1987.651	-410.546
1	20	1789.544	-375.843
0	21	2053.604	-404.24
1	21	1851.06	-371.365
0	22	2082.042	-440.436
1	22	1876.856	-405.214
0	23	1440.402	-485.26
1	23	1269.5	-430.233
0	24	1485.848	-485.728
1	24	1313.333	-432.412
0	25	1531.121	-486.103
1	25	1356.639	-434.595
0	26	1613.452	-506.905
1	26	1432.242	-461.418
0	27	1613.452	-506.905
1	27	1432.242	-461.418
0	28	1995.058	-460.46
1	28	1796.627	-422.242
0	29	2078.967	-465.2
1	29	1875.021	-428.233
0	30	167.273	-517.863
1	30	299.066	-59.94
0	31	1831.119	-528.598
1	31	1642.486	-482.674
0	32	1855.626	-528.947
1	32	1665.622	-483.532
0	33	1928.497	-529.984
1	33	1734.194	-485.867
0	34	2028.864	-531
1	34	1827.987	-488.616
0	35	2455.703	-537.854
1	35	2368.193	-154.919
0	36	2455.703	-537.854
1	36	2368.193	-154.919
0	37	135.532	-580.733
1	37	262.284	-119.588
0	38	136.643	-592.733
1	38	262.819	-131.47
0	39	1349.891	-580.245
1	39	1180.906	-518.466
0	40	1382.185	-588.555
1	40	1212.108	-527.227
0	41	1668.692	-623.139
1	41	1491.148	-563.211
0	42	1725.516	-631.428
1	42	1530.513	-572.68
0	43	1803.41	-603.759
1	43	1615.238	-557.184
0	44	1937.369	-591.462
1	44	1743.028	-543.316
0	45	1993.893	-578.434
1	45	1795.884	-531.776
0	46	1993.893	-578.434
1	46	1795.884	-531.776
0	47	2015.146	-587.111
1	47	1815.318	-540.235
0	48	2064.243	-579.597
1	48	1861.397	-533.991
0	49	220.216	-698.769
1	49	341.604	-239.61
0	50	420.56	-640.127
1	50	534.45	-622.666
0	51	1582.018	-658.807
1	51	1408.027	-593.258
0	52	1580.526	-677.678
1	52	1406.54	-614.047
0	53	1822.872	-644.394
1	53	1634.45	-591.19
0	54	1818.913	-664.647
1	54	1630.599	-610.19
0	55	1836.854	-653.675
1	55	1647.087	-599.838
0	56	1818.909	-673.356
1	56	1630.765	-618.252
0	57	1802.959	-702.198
1	57	1611.676	-651.639
0	58	1802.959	-702.198
1	58	1611.676	-651.639
0	59	1833.474	-673.875
1	59	1644.322	-618.784
0	60	1858.78	-674.352
1	60	1668.567	-619.47
0	61	1867.39	-674.377
1	61	1676.578	-619.738
0	62	2435.278	-655.148
1	62	2352.297	-253.505
0	63	1576.966	-737.864
1	63	1403.584	-667.598
0	64	1757.823	-743.636
1	64	1577.358	-674.781
0	65	132.17	-779.913
1	65	246.68	-314.466
0	66	132.17	-779.913
1	66	246.68	-314.466
0	67	159.921	-794.645
1	67	275.745	-328.951
0	68	1462.483	-795.99
1	68	1292.768	-720.578
0	69	1557.336	-769.706
1	69	1559.282	-704.84
0	70	1561.628	-784.827
1	70	1389.258	-711.074
0	71	1562.88	-809.935
1	71	1390.148	-735.28
0	72	1660.771	-813.946
1	72	1485.687	-739.654
0	73	2455.132	-807.798
1	73	2369.907	-384.282
0	74	141.914	-874.894
1	74	251.241	-406.311
0	75	2053.575	-908.989
1	75	1859.554	-827.897
0	76	2053.575	-908.989
1	76	1859.554	-827.897
0	77	155.5	-967.79
1	77	260.381	-497.134
0	78	157.244	-981.399
1	78	261.432	-510.784
0	79	176.144	-1022.053
1	79	279.286	-550.168
0	80	257.692	-960.804
1	80	365.785	-492.192
0	81	434.313	-995.858
1	81	544.81	-982.859
0	82	2130.721	-997.347
1	82	1889.613	-1070.794
0	83	164.458	-1032.887
1	83	265.906	-561.57
0	84	165.47	-1038.454
1	84	266.671	-567.776
0	85	180.271	-1041.654
1	85	282.378	-569.522
0	86	1339.422	-1032.269
1	86	1194.668	-909.678
0	87	2028.327	-1050.024
1	87	1851.905	-927.615
0	88	2055.57	-1051.554
1	88	1850.513	-1155.579
0	89	2110.47	-1041.301
1	89	1871.662	-1103.869
0	90	181.833	-1108.013
1	90	256.823	-415.987
0	91	177.195	-1111.673
1	91	274.686	-639.55
0	92	178.393	-1119.207
1	92	275.471	-647.385
0	93	185.243	-1137.876
1	93	281.662	-664.913
0	94	1052.599	-1127.162
1	94	856.544	-1207.767
0	95	1792.854	-1141.982
1	95	1628.389	-1024.083
0	96	2093.723	-1096.103
1	96	1856.477	-1154.46
0	97	186.473	-1180.38
1	97	280.439	-707.296
0	98	389.23	-1194.668
1	98	462.837	-752.372
0	99	1584.717	-1182.553
1	99	1396.801	-1119.321
0	100	2090.491	-1181.517
1	100	1897.291	-1298.785
0	101	191.235	-1224.276
1	101	282.281	-751.307
0	102	196.175	-1227.413
1	102	287.681	-754.932
0	103	198.532	-1244.457
1	103	288.929	-771.009
0	104	203.248	-1264.307
1	104	292.522	-790.874
0	105	207.453	-1268.236
1	105	297.094	-794.853
0	106	298.436	-1264.74
1	106	390.536	-791.527
0	107	1239.383	-1251.401
1	107	1101.624	-1114.17
0	108	1236.075	-1259.53
1	108	1098.509	-1121.619
0	109	1223.116	-1277.364
1	109	1086.506	-1137.896
0	110	1232.154	-1269.725
1	110	1094.722	-1131.177
0	111	1963.265	-1248.874
1	111	1791.711	-1119.643
0	112	1963.265	-1248.874
1	112	1791.711	-1119.643
0	113	1992.503	-1243.58
1	113	1837.52	-1273.979
0	114	1992.503	-1243.58
1	114	1837.52	-1273.979
0	115	2052.378	-1231.272
1	115	1937.898	-1105.653
0	116	2070.408	-1261.42
1	116	1879.008	-1383.271
0	117	208.896	-1283.323
1	117	297.597	-810.727
0	118	209.598	-1301.35
1	118	296.949	-828.508
0	119	2368.705	-1283.181
1	119	2304.15	-800.289
0	120	1372.109	-1385.993
1	120	1222.782	-1260.734
0	121	1368.729	-1392.494
1	121	1219.658	-1266.749
0	122	1373.639	-1399.96
1	122	1224.496	-1274.319
0	123	1363.982	-1402.283
1	123	1215.181	-1276.195
0	124	2546.259	-1378.164
1	124	2450.82	-880.672
0	125	236.3	-1439.939
1	125	317.013	-968.155
0	126	241.586	-1433.306
1	126	323.186	-960.954
0	127	241.586	-1433.306
1	127	323.186	-960.954
0	128	2375.486	-1450.485
1	128	2311.314	-950.221
0	129	244.277	-1485.984
1	129	323.1	-1014.816
0	130	249.74	-1485.042
1	130	328.771	-1013.133
0	131	254.541	-1512.982
1	131	332.258	-1040.617
0	132	1108.807	-1515.442
1	132	887.255	-1407.599
0	133	254.429	-1568.677
1	133	329.079	-1099.414
0	134	287.327	-1571.308
1	134	364.034	-1101.427
0	135	2336.88	-1593.227
1	135	2280.865	-1082.326
0	136	2553.757	-1588.522
1	136	2458.085	-1068.757
0	137	2568.111	-1617.602
1	137	2469.667	-1094.004
0	138	288.562	-1703.834
1	138	358.238	-1236.938
0	139	950.705	-1702.683
1	139	800.708	-1518.934
0	140	1821.307	-27.532
1	140	1637.119	-13.03
0	141	1821.307	-27.532
1	141	1637.119	-13.03
0	142	1910.347	-120.87
1	142	1719.766	-103.545
0	143	2101.697	-162.866
1	143	1902.472	-145.8
0	144	2170.797	-156.415
1	144	1982.042	-104.09
0	145	2164.072	-161.692
1	145	1975.962	-108.698
0	146	2173.752	-167.651
1	146	1984.595	-114.687
0	147	2167.341	-177.884
1	147	1979.006	-123.917
0	148	1429.347	-241.744
1	148	1261.525	-199.04
0	149	1506.068	-205.132
1	149	1336.351	-168.086
0	150	1532.213	-198.396
1	150	1359.571	-162.503
0	151	1717.392	-201.702
1	151	1536.727	-173.248
0	152	1717.392	-201.702
1	152	1536.727	-173.248
0	153	1956.286	-306.982
1	153	1760.733	-279.137
0	154	2047.963	-288.056
1	154	1845.992	-264.177
0	155	2047.963	-288.056
1	155	1845.992	-264.177
0	156	1866.488	-330.63
1	156	1676.271	-298.541
0	157	1866.488	-330.63
1	157	1676.271	-298.541
0	158	1809.747	-427.628
1	158	1621.38	-390.132
0	159	1993.372	-411.801
1	159	1794.892	-377.356
0	160	1993.372	-411.801
1	160	1794.892	-377.356
0	161	1986.853	-426.336
1	161	1788.675	-390.795
0	162	2023.717	-421.556
1	162	1823.492	-386.923
0	163	2029.087	-416.099
1	163	1828.314	-381.819
0	164	2057.451	-410.952
1	164	1854.408	-377.734
0	165	2057.451	-410.952
1	165	1854.408	-377.734
0	166	1577.405	-486.21
1	166	1400.992	-436.015
0	167	1937.19	-463.289
1	167	1742.92	-423.346
0	168	1937.19	-463.289
1	168	1742.92	-423.346
0	169	1987.222	-456.429
1	169	1789.437	-418.271
0	170	2002.808	-461.002
1	170	1803.937	-422.908
0	171	2109.415	-451.365
1	171	1902.854	-416.046
0	172	2078.388	-481.559
1	172	1873.993	-443.451
0	173	2078.388	-481.559
1	173	1873.993	-443.451
0	174	127.194	-564.847
1	174	253.204	-99.399
0	175	1947.813	-565.38
1	175	1753.244	-519.317
0	176	2041.262	-531.404
1	176	1839.945	-489.039
0	177	2041.262	-531.404
1	177	1839.945	-489.039
0	178	2456.159	-527.591
1	178	2368.583	-145.879
0	179	106.323	-605.6
1	179	228.786	-145.106
0	180	206.269	-596.543
1	180	331.327	-141.041
0	181	615.576	-634.558
1	181	520.745	-629.487
0	182	898.691	-602.839
1	182	805.297	-604.478
0	183	1872.415	-576.489
1	183	1681.386	-528.316
0	184	2281.465	-588.605
1	184	2226.726	-190.53
0	185	2281.465	-588.605
1	185	2226.726	-190.53
0	186	2255.272	-620.236
1	186	2204.847	-217.137
0	187	2276.565	-619.737
1	187	2222.487	-216.511
0	188	2289.75	-618.753
1	188	2233.659	-216.248
0	189	2276.887	-632.658
1	189	2223.231	-227.677
0	190	2299.377	-625.723
1	190	2241.506	-222.201
0	191	2299.377	-625.723
1	191	2241.506	-222.201
0	192	1379.899	-683.573
1	192	1205.542	-629.443
0	193	1742.807	-689.309
1	193	1390.699	-617.226
0	194	124.474	-767.029
1	194	239.344	-301.684
0	195	1566.156	-732.427
1	195	1393.299	-662.705
0	196	1747.1	-720.473
1	196	1567.149	-653.472
0	197	2458.808	-735.808
1	197	2372.35	-322.963
0	198	260.722	-810.429
1	198	370.697	-353.763
0	199	1979.111	-769.08
1	199	1797.097	-692.061
0	200	2418.006	-771.678
1	200	2338.688	-353.452
0	201	830.147	-884.692
1	201	833.795	-884.469
0	202	1011.851	-860.141
1	202	703.566	-918.054
0	203	1101.901	-838.042
1	203	1004.681	-661.95
0	204	1383.09	-838.442
1	204	1206.768	-775.084
0	205	2451.574	-850.492
1	205	2367.551	-421.031
0	206	1329.813	-947.341
1	206	1204.388	-1212.187
0	207	2132.692	-909.184
1	207	1935.328	-1015.166
0	208	2408.65	-946.267
1	208	2332.979	-503.532
0	209	162.707	-986.868
1	209	267.002	-515.605
0	210	173.69	-998.598
1	210	277.976	-527.166
0	211	1361.095	-998.018
1	211	1215.322	-879.014
0	212	1361.095	-998.018
1	212	1215.322	-879.014
0	213	2442.209	-979.256
1	213	2361.291	-531.933
0	214	185.044	-1081.813
1	214	284.895	-609.203
0	215	191.531	-1132.513
1	215	288.364	-659.801
0	216	191.531	-1132.513
1	216	288.364	-659.801
0	217	200.859	-1201.94
1	217	294.305	-729.04
0	218	876.423	-1182.343
1	218	600.183	-969.623
0	219	1487.697	-1207.692
1	219	1301.756	-1144.161
0	220	1620.382	-1199.8
1	220	1431.83	-1136.544
0	221	1649.878	-1201.399
1	221	1460.144	-1137.302
0	222	1860.821	-1162.705
1	222	1693.441	-1041.704
0	223	2414.481	-1197.564
1	223	2340.941	-723.63
0	224	1243.806	-1241.734
1	224	1105.803	-1104.784
0	225	1248.523	-1230.868
1	225	1110.281	-1094.495
0	226	1671.191	-1268.35
1	226	1493.812	-1179.702
0	227	1880.638	-1254.665
1	227	1702.616	-1148.763
0	228	221.42	-1319.24
1	228	308.54	-845.375
0	229	1597.52	-1292.506
1	229	1421.022	-1206.131
0	230	1601.439	-1309.73
1	230	1426.616	-1220.774
0	231	1637.609	-1293.253
1	231	1460.378	-1206.125
0	232	1644.294	-1300.595
1	232	1466.865	-1212.705
0	233	1627.31	-1312.057
1	233	1451.208	-1222.369
0	234	1886.4	-1342.539
1	234	1707.345	-1245.637
0	235	2113.818	-1310.114
1	235	1880.23	-1358.194
0	236	2574.177	-1337.081
1	236	2473.403	-843.281
0	237	233.258	-1386.045
1	237	317.122	-913.402
0	238	2545.587	-1366.702
1	238	2449.39	-870.902
0	239	316.096	-1453.223
1	239	412.563	-1663.078
0	240	1155.55	-1440.079
1	240	1057.744	-1233.629
0	241	1976.608	-1454.481
1	241	1788.818	-1236.777
0	242	2327.075	-1412.248
1	242	2270.766	-917.533
0	243	247.283	-1472.288
1	243	327.038	-1000.604
0	244	896.591	-1500.21
1	244	792.433	-1583.814
0	245	2532.519	-1530.806
1	245	2440.191	-1018.418
0	246	2560.284	-1501.045
1	246	2463.382	-989.816
0	247	781.096	-1556.367
1	247	802.2	-1531.073
0	248	1976.699	-1558.473
1	248	1831.481	-1359.307
0	249	2557.248	-1543.028
1	249	2460.866	-1027.875
0	250	2555.357	-1564.696
1	250	2459.424	-1047.181
0	251	2529.43	-1576.358
1	251	2437.491	-1058.52
0	252	1173.487	-1656.227
1	252	1077.279	-1443.715
0	253	2073.753	-1601.391
1	253	1850.847	-1393.017
0	254	32.005	-1673.598
1	254	24.026	-1303.597
0	255	2035.154	-1665.471
1	255	1903.969	-1426.874
0	256	1417.057	-203.996
1	256	1248.854	-163.544
0	257	1519.431	-198.151
1	257	1347.642	-162.071
0	258	1621.346	-283.176
1	258	1443.765	-247.611
0	259	1324.577	-344.713
1	259	1158.743	-292.704
0	260	1532.949	-348.441
1	260	1359.776	-304.295
0	261	1532.949	-348.441
1	261	1359.776	-304.295
0	262	1847.052	-327.84
1	262	1657.589	-295.679
0	263	1847.052	-327.84
1	263	1657.589	-295.679
0	264	1888.341	-329.371
1	264	1697.005	-297.835
0	265	1940.441	-356.255
1	265	1745.55	-324.291
0	266	1940.441	-356.255
1	266	1745.55	-324.291
0	267	1959.792	-356.67
1	267	1764.001	-325.601
0	268	1977.358	-357.901
1	268	1780.287	-326.891
0	269	2062.464	-356.712
1	269	1859.353	-327.967
0	270	1324.245	-436.128
1	270	1157.55	-379.811
0	271	1950.779	-385.998
1	271	1755.294	-352.135
0	272	1978.61	-432.706
1	272	1781.479	-396.344
0	273	1990.312	-386.217
1	273	1792.46	-352.956
0	274	2042.411	-417.72
1	274	1840.446	-384.148
0	275	2108.836	-403.26
1	275	1902.202	-372.021
0	276	2063.715	-444.508
1	276	1860.565	-408.972
0	277	1876.604	-479.522
1	277	1685.799	-437.766
0	278	1954.041	-485.68
1	278	1758.359	-444.994
0	279	1954.041	-485.68
1	279	1758.359	-444.994
0	280	1980.433	-507.564
1	280	1783.111	-465.667
0	281	2069.977	-453.922
1	281	1866.496	-418.108
0	282	102.366	-513.973
1	282	228.7	-56.72
0	283	1829.045	-543.562
1	283	1640.61	-496.822
0	284	2071.111	-529.923
1	284	1867.375	-488.274
0	285	116.892	-625.798
1	285	239.067	-164.443
0	286	1861.967	-602.428
1	286	1671.394	-552.426
0	287	2057.91	-594.682
1	287	1855.366	-547.757
0	288	2303.161	-633.123
1	288	2244.997	-228.366
0	289	120.702	-653.161
1	289	241.518	-190.37
0	290	138.859	-649.299
1	290	260.878	-187.452
0	291	1374.115	-690.66
1	291	1200.383	-635.554
0	292	1564.416	-656.249
1	292	1391.149	-590.848
0	293	1742.993	-660.599
1	293	1562.745	-598.108
0	294	1861.342	-654.958
1	294	1670.115	-601.553
0	295	2275.825	-680.234
1	295	2222.028	-268.255
0	296	1264.898	-757.749
1	296	1112.762	-662.483
0	297	1746.119	-750.506
1	297	1566.359	-680.85
0	298	234.967	-788.443
1	298	350.9	-324.707
0	299	1145.893	-819.167
1	299	1093.839	-740.445
0	300	1573.439	-774.482
1	300	1400.707	-701.413
0	301	162.765	-942.814
1	301	270.241	-473.4
0	302	2022.454	-942.34
1	302	1835.102	-859.737
0	303	2360.295	-957.783
1	303	2292.547	-513.898
0	304	2447.371	-904.397
1	304	2364.438	-466.911
0	305	2443.28	-954.045
1	305	2362.204	-509.921
0	306	2111.078	-971.214
1	306	1912.914	-1078.287
0	307	2371.337	-971.531
1	307	2302.18	-525.385
0	308	182.2	-1071.043
1	308	282.756	-598.802
0	309	1635.301	-1200.82
1	309	1445.919	-1137.071
0	310	1664.787	-1200.881
1	310	1475.205	-1136.779
0	311	1679.828	-1200.089
1	311	1489.232	-1135.834
0	312	2398.844	-1195.356
1	312	2327.795	-721.882
0	313	2574.862	-1234.744
1	313	2471.789	-755.925
0	314	1071.229	-1307.957
1	314	894.436	-1469.333
0	315	1640.252	-1313.539
1	315	1464.247	-1223.307
0	316	1829.29	-1342.791
1	316	1649.911	-1245.473
0	317	991.608	-1381.496
1	317	929.736	-1126.145
0	318	991.608	-1381.496
1	318	929.736	-1126.145
0	319	986.392	-1395.134
1	319	925.397	-1134.88
0	320	1381.402	-1368.958
1	320	1231.449	-1244.823
0	321	2550.408	-1386.527
1	321	2454.445	-888.475
0	322	2539.136	-1436.43
1	322	2446.076	-931.996
0	323	2537.358	-1460.537
1	323	2444.448	-953.707
0	324	2326.59	-1590.587
1	324	2271.721	-1080.785
0	325	408.218	-1652.09
1	325	476.428	-1190.11
0	326	1283.711	-134.701
1	326	1119.078	-94.707
0	327	2107.645	-145.018
1	327	1921.952	-94.317
0	328	2145.022	-166.954
1	328	1959.08	-113.282
0	329	636.366	-223.819
1	329	404.706	-447.615
0	330	1337.565	-241.868
1	330	1172.556	-195.523
0	331	1569.901	-269.255
1	331	1395.107	-231.512
0	332	2484.247	-269.336
1	332	2381.488	-92.418
0	333	1427.779	-331.777
1	333	1258.589	-284.216
0	334	1427.779	-331.777
1	334	1258.589	-284.216
0	335	2091.775	-358.461
1	335	1886.48	-330.338
0	336	2107.597	-358.574
1	336	1900.774	-330.944
0	337	2107.597	-358.574
1	337	1900.774	-330.944
0	338	1940.387	-396.848
1	338	1744.832	-361.632
0	339	2026.746	-436.119
1	339	1826.404	-400.73
0	340	2059.788	-401.545
1	340	1857.278	-369.034
0	341	2096.12	-400.07
1	341	1890.471	-368.808
0	342	2075.381	-420.2
1	342	1871.165	-386.701
0	343	2075.381	-420.2
1	343	1871.165	-386.701
0	344	2094.771	-418.673
1	344	1889.284	-386.229
0	345	2099.368	-441.558
1	345	1893.495	-406.979
0	346	1429.396	-451.798
1	346	1259.253	-398.215
0	347	2022.621	-448.493
1	347	1822.401	-411.847
0	348	2079.561	-448
1	348	1875.174	-412.532
0	349	2079.561	-448
1	349	1875.174	-412.532
0	350	2475.939	-464.197
1	350	2384.279	-92.179
0	351	1522.114	-547.582
1	351	1347.561	-492.279
0	352	1522.114	-547.582
1	352	1347.561	-492.279
0	353	1742.079	-635.135
1	353	1560.242	-577.205
0	354	2094.543	-635.382
1	354	1889.71	-586.056
0	355	2283.398	-625.864
1	355	2228.519	-222.148
0	356	1898.581	-656.438
1	356	1706.27	-603.42
0	357	2462.275	-669.19
1	357	2375.085	-265.692
0	358	1074.877	-784.534
1	358	1987.068	-1452.342
0	359	2389.459	-792.901
1	359	2315.193	-372.33
0	360	912.563	-872.357
1	360	560.15	-960.852
0	361	2041.18	-908.525
1	361	1848.99	-827.332
0	362	2444.271	-931.786
1	362	2361.988	-489.072
0	363	266.737	-997.03
1	363	371.889	-529.398
0	364	2436.148	-1028.388
1	364	2356.195	-574.309
0	365	946.551	-1135.672
1	365	739.634	-1233.752
0	366	1053.376	-1107.235
1	366	857.965	-1183.324
0	367	1602.883	-1190.19
1	367	1414.375	-1127.002
0	368	2550.018	-1268.519
1	368	2453.046	-783.909
0	369	2569.26	-1224.818
1	369	2467.152	-746.826
0	370	1894.881	-1341.719
1	370	1713.412	-1243.86
0	371	1702.444	-1379.459
1	371	1530.627	-1272.734
0	372	2538.875	-1420.447
1	372	2445.476	-918.359
0	373	2526.271	-1561.114
1	373	2436.141	-1044.791
0	374	356.876	-1629.491
1	374	418.584	-1044.976
0	375	2397.811	-1622.471
1	375	2463.291	-996.816
0	376	368.864	-1697.379
1	376	441.08	-1228.553
0	377	2004.193	-1667.696
1	377	1874.755	-1429.48
0	378	137.587	-165.326
1	378	259.273	-435.68
0	379	598.743	-306.224
1	379	480.514	-192.297
0	380	1584.895	-301.297
1	380	1409.163	-263.45
0	381	1828.004	-285.376
1	381	1640.487	-255.419
0	382	1989.941	-372.623
1	382	1791.591	-341.137
0	383	2004.478	-369.18
1	383	1805.276	-338.219
0	384	2472.506	-345.879
1	384	2363.939	-363.309
0	385	867.425	-388.059
1	385	662.496	-601.718
0	386	1954.4	-430.807
1	386	1758.723	-394.069
0	387	2074.173	-435.383
1	387	1869.943	-400.563
0	388	2104.943	-428.289
1	388	1898.671	-394.859
0	389	180.715	-505.608
1	389	311.195	-52.405
0	390	2002.391	-497.135
1	390	1803.555	-456.419
0	391	2002.391	-497.135
1	391	1803.555	-456.419
0	392	2083.313	-461.844
1	392	1879.611	-425.15
0	393	625.59	-594.588
1	393	534.076	-585.623
0	394	888.101	-601.943
1	394	795.908	-601.697
0	395	1998.241	-594.536
1	395	1800.168	-546.895
0	396	207.323	-666.037
1	396	330.078	-206.713
0	397	2264.785	-688.567
1	397	2212.515	-274.751
0	398	2451.625	-799.053
1	398	2367.594	-377.201
0	399	1019.232	-839.061
1	399	714.832	-889.204
0	400	1314.771	-986.808
1	400	1172.968	-862.672
0	401	1344.341	-1024.981
1	401	1200.179	-902.926
0	402	1042.133	-1114.898
1	402	741.328	-1255.046
0	403	1074.136	-1352.063
1	403	884.694	-1474.601
0	404	1074.136	-1352.063
1	404	884.694	-1474.601
0	405	1370.306	-1366.896
1	405	1099.736	-1092.382
0	406	1370.306	-1366.896
1	406	1099.736	-1092.382
0	407	1378.461	-1381.517
1	407	1228.818	-1256.628
0	408	2528.867	-1618.847
1	408	2437.05	-1098.169
0	409	2522.906	-1634.825
1	409	2432.744	-1112.676
0	410	2552.631	-1635.753
1	410	2456.535	-1112.259
0	411	1281.355	-282.229
1	411	1116.189	-230.82
0	412	1281.355	-282.229
1	412	1116.189	-230.82
0	413	766.965	-327.774
1	413	676.898	-565.686
0	414	766.965	-327.774
1	414	676.898	-565.686
0	415	1919.077	-334.299
1	415	1726.294	-302.566
0	416	1966.864	-383.008
1	416	1770.191	-349.494
0	417	2022.289	-332.412
1	417	1822.589	-304.28
0	418	2070.739	-374.014
1	418	1866.795	-344.191
0	419	1574.142	-412.912
1	419	1399.504	-367.533
0	420	1990.747	-442.812
1	420	1792.503	-405.686
0	421	1990.747	-442.812
1	421	1792.503	-405.686
0	422	1974.321	-556.893
1	422	1776.692	-511.574
0	423	2036.562	-557.073
1	423	1835.436	-512.712
0	424	993.806	-586.26
1	424	928.453	-381.042
0	425	1321.457	-660.85
1	425	1157.946	-588.045
0	426	2079.847	-680.535
1	426	1875.777	-626.901
0	427	2298.268	-640.982
1	427	2240.985	-235.479
0	428	2296.43	-679.509
1	428	2239.792	-267.385
0	429	2296.43	-679.509
1	429	2239.792	-267.385
0	430	2451.475	-764.594
1	430	2365.804	-347.237
0	431	221.407	-786.062
1	431	337.9	-322.129
0	432	228.405	-837.951
1	432	342.449	-372.086
0	433	231.958	-866.929
1	433	345.579	-400.214
0	434	1205.771	-839.977
1	434	1053.638	-741.987
0	435	1205.771	-839.977
1	435	1053.638	-741.987
0	436	2021.817	-866.45
1	436	1831.97	-786.972
0	437	1331.187	-956.34
1	437	1187.904	-835.737
0	438	1500.701	-952.425
1	438	1318.349	-868.854
0	439	1334.36	-1008.691
1	439	1191.036	-886.309
0	440	1214.217	-1211.705
1	440	1205.065	-1220.847
0	441	1570.123	-1205.14
1	441	1382.345	-1141.416
0	442	1620.5	-1193.747
1	442	1432.512	-1130.329
0	443	1620.5	-1193.747
1	443	1432.512	-1130.329
0	444	1609.991	-1209.238
1	444	1421.24	-1144.883
0	445	1609.435	-1285.069
1	445	1432.779	-1198.183
0	446	1352.875	-1347.64
1	446	1205.065	-1220.847
0	447	1353.527	-1398.596
1	447	1205.999	-1270.688
0	448	2312.473	-1600.362
1	448	2259.685	-1090.137
0	449	2312.473	-1600.362
1	449	2259.685	-1090.137
0	450	2553.862	-1606.055
1	450	2458.554	-1086.069
0	451	2124.698	-149.844
1	451	1940.492	-97.201
0	452	1508.791	-191.064
1	452	1335.528	-151.812
0	453	1544.76	-192.117
1	453	1371.947	-156.565
0	454	1987.492	-299.217
1	454	1787.952	-272.571
0	455	1868.067	-353.339
1	455	1677.891	-319.952
0	456	2052.415	-364.283
1	456	1850.009	-333.973
0	457	2052.415	-364.283
1	457	1850.009	-333.973
0	458	1825.311	-456.054
1	458	1636.921	-414.782
0	459	1820.542	-497.613
1	459	1632.308	-454.231
0	460	2011.921	-446.717
1	460	1812.371	-409.327
0	461	2046.246	-457.562
1	461	1844.279	-420.45
0	462	1912.239	-551.933
1	462	1718.463	-504.931
0	463	2066.681	-560.82
1	463	1863.338	-516.538
0	464	777.867	-580.729
1	464	577.77	-936.183
0	465	1885.552	-578.869
1	465	1694.07	-530.657
0	466	2012.342	-580.697
1	466	1812.693	-534.267
0	467	2053.869	-578.913
1	467	1850.526	-532.866
0	468	1848.577	-672.62
1	468	1659.66	-616.336
0	469	1838.999	-306.794
1	469	1649.473	-274.984
0	470	1832.009	-347.45
1	470	1643.818	-314.429
0	471	1596.211	-430.687
1	471	1417.934	-388.362
0	472	2079.849	-395.656
1	472	1875.51	-364.162
0	473	2467.582	-463.783
1	473	2379.071	-92.088
0	474	2005.145	-555.137
1	474	1806.121	-509.357
0	475	1427.739	-576.644
1	475	1256.688	-517.412
0	476	2445.333	-858.59
1	476	2358.89	-533.009
0	477	1589.763	-1200.011
1	477	1401.735	-1136.815
0	478	2306.555	-1624.178
1	478	2256.056	-1113.695
0	479	1591.594	-244.621
1	479	1416.034	-209.899
0	480	1990.079	-332.363
1	480	1792.086	-303.4
0	481	455.313	-1012.514
1	481	560.832	-994.492
0	482	2346.02	-1174.157
1	482	2283.452	-706.298
0	483	1678.235	-1366.792
1	483	1509.448	-1260.274
0	484	2017.353	-395.309
1	484	1817.441	-362.029
0	485	2017.353	-395.309
1	485	1817.441	-362.029
0	486	2038.682	-445.461
1	486	1837.864	-409.364
0	487	1544.336	-1239.6
1	487	1367.559	-1168.809
0	488	2345.512	-1236.723
1	488	2288.373	-765.064
0	489	1841.144	-1437.001
1	489	1672.422	-1312.183
0	490	1300.165	-225.322
1	490	1129.905	-175.91
0	491	1427.974	-227.689
1	491	1261.31	-186.424
0	492	1242.592	-254.373
1	492	1076.45	-208.661
0	493	158.63	-640.599
1	493	281.143	-185.199
0	494	158.63	-640.599
1	494	281.143	-185.199
0	495	1311.186	-230.227
1	495	1144.735	-183.964
0	496	1537.33	-232.587
1	496	1364.768	-195.12
0	497	1931.544	-329.084
1	497	1736.958	-300.105
0	498	1549.19	-442.743
1	498	1374.642	-392.321
0	499	1968.032	-428.134
1	499	1771.201	-391.501
0	500	2479.148	-1013.298
1	500	2398.845	-557.917
0	501	1534.148	-644.329
1	501	1363.324	-576.674
0	502	622.506	-1320.329
1	502	642.852	-938.932
0	503	1632.985	-579.916
1	503	1456.047	-524.298
0	504	1710.9	-673.446
1	504	1529.999	-607.934
0	505	2415.889	-706.03
1	505	2336.801	-297.731
0	506	1524.025	-835.952
1	506	1347.495	-759.503
0	507	327.868	-1017.249
1	507	418.959	-585.509
0	508	1813.893	-383.644
1	508	1629.838	-347.737
0	509	1292.426	-16.599
2	509	1041.542	-88.638
0	510	1303.788	-41.945
2	510	1054.072	-115.422
0	511	1712.079	-124.842
2	511	1480.909	-211.941
0	0	1922.764	-119.813
2	0	1694.916	-214.005
0	512	2115.296	-116.381
2	512	1883.945	-214.939
0	513	2119.98	-119.396
2	513	1888.999	-218.561
0	514	2119.98	-119.396
2	514	1888.999	-218.561
0	1	1167.91	-139.368
2	1	908.014	-213.785
0	2	2163.508	-152.975
2	2	1988.541	-243.664
0	3	2163.508	-152.975
2	3	1988.541	-243.664
0	515	2136.185	-171.681
2	515	1962.017	-261.757
0	4	2143.752	-177.982
2	4	1969.486	-268.239
0	516	2151.688	-171.817
2	516	1977.257	-262.387
0	5	2162.856	-168.223
2	5	1988.182	-259.243
0	6	2162.856	-168.223
2	6	1988.182	-259.243
0	517	2178.604	-176.403
2	517	2003.601	-267.804
0	518	400.329	-222.783
2	518	2374.781	-27.932
0	519	430.939	-203.722
2	519	183.165	-171.893
0	520	1366.654	-198.211
2	520	1215.614	-281.669
0	521	1379.48	-203.089
2	521	1229.093	-286.818
0	522	1507.388	-199.517
2	522	1270.178	-283.5
0	7	1569.273	-204.757
2	7	1334.615	-290.682
0	8	1569.273	-204.757
2	8	1334.615	-290.682
0	9	2130.249	-215.949
2	9	1957.014	-306.648
0	10	2130.249	-215.949
2	10	1957.014	-306.648
0	11	2150.42	-210.673
2	11	1977.036	-302.018
0	12	2150.258	-216.303
2	12	1976.94	-307.52
0	523	420.778	-268.745
2	523	169.885	-256.016
0	524	424.378	-264.077
2	524	175.134	-250.101
0	525	424.378	-264.077
2	525	175.134	-250.101
0	526	665.202	-275.777
2	526	467.23	-294.828
0	527	1480.691	-257.006
2	527	1243.204	-343.021
0	15	1569.65	-257.428
2	15	1335.747	-345.095
0	528	1570.749	-302.804
2	528	1337.457	-391.989
0	529	1903.432	-286.713
2	529	1677.113	-381.065
0	530	482.289	-365.708
2	530	98.195	-348.684
0	531	789.757	-353.39
2	531	605.242	-401.584
0	16	1843.968	-373.851
2	16	1618.324	-469.011
0	532	1910.668	-340.522
2	532	1685.59	-435.807
0	533	1938.767	-370.501
2	533	1714.622	-466.757
0	534	1977.21	-376.007
2	534	1753.439	-472.565
0	17	2039.99	-361.658
2	17	1815.329	-459.219
0	535	630.956	-394.631
2	535	427.971	-439.683
0	536	693.189	-401.239
2	536	500.368	-453.078
0	537	898.123	-391.391
2	537	718.4	-454.653
0	538	1348.841	-391.352
2	538	1106.604	-481.683
0	539	1650.671	-408.591
2	539	1431.377	-702.904
0	18	1811.749	-408.841
2	18	1582.554	-705.116
0	540	1847.36	-406.665
2	540	1623.216	-502.579
0	541	1847.36	-406.665
2	541	1623.216	-502.579
0	542	1840.657	-437.581
2	542	1616.964	-534.193
0	19	1856.54	-399.654
2	19	1631.785	-495.615
0	543	1901.692	-399.161
2	543	1678.431	-495.19
0	544	1901.692	-399.161
2	544	1678.431	-495.19
0	545	1882.852	-430.205
2	545	1659.496	-526.949
0	546	1856.395	-437.693
2	546	1632.796	-534.392
0	21	2053.604	-404.24
2	21	1830.858	-502.161
0	22	2082.042	-440.436
2	22	1860.956	-539.192
0	547	958.011	-455.416
2	547	778.4	-532.16
0	548	1303.562	-484.956
2	548	1059.77	-580.194
0	549	1349.499	-484.388
2	549	1108.74	-579.606
0	23	1440.402	-485.26
2	23	1204.851	-580.902
0	24	1485.848	-485.728
2	24	1252.487	-581.754
0	25	1531.121	-486.103
2	25	1299.499	-582.83
0	26	1613.452	-506.905
2	26	1380.8	-604.855
0	27	1613.452	-506.905
2	27	1380.8	-604.855
0	28	1995.058	-460.46
2	28	1774.164	-558.581
0	29	2078.967	-465.2
2	29	1858.725	-563.567
0	550	2109.042	-492.338
2	550	1889.218	-591.306
0	551	372.103	-564.041
2	551	103.577	-649.418
0	552	1008.679	-560.852
2	552	827.485	-656.677
0	553	1008.679	-560.852
2	553	827.485	-656.677
0	31	1831.119	-528.598
2	31	1609.845	-627.818
0	32	1855.626	-528.947
2	32	1634.493	-628.114
0	554	1896.64	-565.138
2	554	1677.659	-665.377
0	33	1928.497	-529.984
2	33	1708.778	-629.455
0	555	1926.819	-565.494
2	555	1708.428	-665.758
0	34	2028.864	-531
2	34	1810.482	-630.667
0	556	2012.799	-566.399
2	556	1795.105	-666.646
0	557	451.631	-576.168
2	557	208.226	-667.74
0	558	649.859	-596.058
2	558	449.581	-695.918
0	559	649.859	-596.058
2	559	449.581	-695.918
0	560	884.773	-614.715
2	560	705.643	-719.734
0	561	884.773	-614.715
2	561	705.643	-719.734
0	562	904.52	-618.694
2	562	725.204	-724.745
0	563	1303.854	-579.877
2	563	1061.757	-680.787
0	564	1327.294	-609.396
2	564	1088.617	-712.319
0	565	1346.477	-600.806
2	565	1105.356	-703.058
0	40	1382.185	-588.555
2	40	1144.765	-690.029
0	566	1426.405	-601.46
2	566	1184.005	-703.599
0	567	1574.116	-608.069
2	567	1349.859	-710.525
0	41	1668.692	-623.139
2	41	1450.162	-726.436
0	42	1725.516	-631.428
2	42	1509.959	-734.392
0	568	1890.523	-585.377
2	568	1672.264	-686.379
0	569	1931.837	-591.409
2	569	1713.895	-692.546
0	44	1937.369	-591.462
2	44	1720.109	-692.489
0	570	1947.802	-586.457
2	570	1730.572	-687.325
0	45	1993.893	-578.434
2	45	1776.784	-679.004
0	46	1993.893	-578.434
2	46	1776.784	-679.004
0	571	2000.388	-578.482
2	571	1783.321	-679.076
0	572	2000.388	-578.482
2	572	1783.321	-679.076
0	50	420.56	-640.127
2	50	168.447	-752.383
0	53	1822.872	-644.394
2	53	1604.468	-747.444
0	54	1818.913	-664.647
2	54	1600.689	-768.515
0	573	1838.007	-670.409
2	573	1620.654	-774.028
0	56	1818.909	-673.356
2	56	1601.298	-777.386
0	57	1802.959	-702.198
2	57	1579.099	-807.095
0	58	1802.959	-702.198
2	58	1579.099	-807.095
0	61	1867.39	-674.377
2	61	1650.863	-778.172
0	63	1576.966	-737.864
2	63	1359.071	-847.032
0	574	1752.54	-734.238
2	574	1542.996	-841.989
0	575	1752.54	-734.238
2	575	1542.996	-841.989
0	576	1751.98	-743.974
2	576	1543.005	-852.111
0	64	1757.823	-743.636
2	64	1548.618	-851.288
0	68	1462.483	-795.99
2	68	1239.439	-910.997
0	69	1557.336	-769.706
2	69	1530.581	-885.955
0	71	1562.88	-809.935
2	71	1347.195	-924.171
0	577	1558.285	-824.081
2	577	1342.747	-938.948
0	72	1660.771	-813.946
2	72	1450.175	-926.954
0	578	1958.394	-817.315
2	578	1764.497	-928.048
0	579	729.482	-866.47
2	579	546.617	-1035.383
0	580	742.326	-888.681
2	580	560.891	-1061.71
0	581	872.802	-845.099
2	581	699.425	-998.007
0	582	1297.365	-882.462
2	582	1071.543	-1006.53
0	583	1405.235	-856.745
2	583	1171.215	-974.583
0	584	1422.601	-857.493
2	584	1188.454	-975.184
0	585	1466.351	-894.026
2	585	1241.95	-1014.607
0	586	686.955	-912.436
2	586	498.745	-1097.37
0	587	689.269	-917.811
2	587	502.296	-1103.616
0	588	689.269	-917.811
2	588	502.296	-1103.616
0	589	688.557	-924.21
2	589	501.258	-1111.975
0	590	1431.25	-906.853
2	590	1210.972	-1029.824
0	591	1426.415	-918.617
2	591	1206.746	-1043.358
0	75	2053.575	-908.989
2	75	1862.98	-1019.91
0	76	2053.575	-908.989
2	76	1862.98	-1019.91
0	592	511.888	-972.794
2	592	290.689	-1195.364
0	593	1351.627	-999.599
2	593	1153.975	-1138.197
0	594	1344.514	-1013.634
2	594	1146.991	-1154.003
0	595	428.124	-1043.728
2	595	182.615	-1304.79
0	596	428.124	-1043.728
2	596	182.615	-1304.79
0	597	449.947	-1040.446
2	597	212.806	-1296.14
0	86	1339.422	-1032.269
2	86	1141.618	-1173.796
0	598	744.478	-1089.426
2	598	569.216	-1316.417
0	95	1792.854	-1141.982
2	95	1626.118	-1277.446
0	599	2032.426	-1109.115
2	599	1882.591	-1235.036
0	98	389.23	-1194.668
2	98	132.319	-1524.347
0	99	1584.717	-1182.553
2	99	1359.454	-1313.348
0	600	329.233	-1230.537
2	600	47.392	-1593.295
0	601	329.233	-1230.537
2	601	47.392	-1593.295
0	602	322.446	-1234.269
2	602	37.144	-1598.573
0	603	737.435	-1238.937
2	603	565.799	-1508.487
0	107	1239.383	-1251.401
2	107	1044.277	-1422.972
0	108	1236.075	-1259.53
2	108	1040.886	-1432.375
0	109	1223.116	-1277.364
2	109	1027.43	-1452.833
0	604	1228.572	-1278.499
2	604	1033.6	-1453.085
0	110	1232.154	-1269.725
2	110	1037.153	-1444.126
0	114	1992.503	-1243.58
2	114	1845.778	-1379.314
0	605	2073.435	-1239.183
2	605	1841.573	-1527.082
0	606	1635.407	-1299.649
2	606	1433.618	-1441.694
0	607	1993.659	-1329.92
2	607	1862.464	-1477.54
0	608	1005.557	-1384.956
2	608	854.671	-1634.746
0	121	1368.729	-1392.494
2	121	1180.663	-1568.234
0	122	1373.639	-1399.96
2	122	1185.773	-1575.801
0	123	1363.982	-1402.283
2	123	1176.042	-1579.64
0	609	2016.124	-1359.206
2	609	1902.528	-1511.029
0	610	2021.857	-1400.75
2	610	1918.156	-1560.196
0	611	1845.662	-1421.752
2	611	1687.732	-1573.068
0	612	1908.111	-1455.389
2	612	1758.721	-1607.476
0	613	1989.736	-1498.666
2	613	1890.598	-1666.611
0	614	2080.697	-1548.719
2	614	2185.953	-1060.579
0	615	1304.019	-16.189
2	615	1056.703	-88.775
0	140	1821.307	-27.532
2	140	1590.894	-116.832
0	141	1821.307	-27.532
2	141	1590.894	-116.832
0	616	876.59	-89.401
2	616	660.881	-115.246
0	142	1910.347	-120.87
2	142	1682.308	-212.809
0	617	351.92	-152.63
2	617	76.571	-89.15
0	144	2170.797	-156.415
2	144	1995.617	-247.361
0	618	2164.072	-161.692
2	618	1989.342	-252.225
0	145	2164.072	-161.692
2	145	1989.342	-252.225
0	146	2173.752	-167.651
2	146	1999.016	-258.777
0	147	2167.341	-177.884
2	147	1993.199	-269.139
0	619	1568.464	-213.064
2	619	1333.535	-299.479
0	151	1717.392	-201.702
2	151	1486.575	-291.254
0	152	1717.392	-201.702
2	152	1486.575	-291.254
0	620	1816.163	-229.748
2	620	1587.731	-321.71
0	621	1816.163	-229.748
2	621	1587.731	-321.71
0	622	411.412	-261.235
2	622	157.823	-244.549
0	623	417.637	-262.527
2	623	166.084	-247.476
0	624	417.637	-262.527
2	624	166.084	-247.476
0	625	610.974	-312.203
2	625	405.27	-335.278
0	626	685.043	-260.009
2	626	493.029	-276.67
0	627	828.133	-295.366
2	627	645.112	-335.306
0	628	825.28	-311.058
2	628	641.919	-352.871
0	153	1956.286	-306.982
2	153	1730.687	-402.524
0	154	2047.963	-288.056
2	154	1821.67	-384.755
0	155	2047.963	-288.056
2	155	1821.67	-384.755
0	629	2063.587	-294.795
2	629	1862.884	-392.92
0	630	2135.077	-289.579
2	630	1910.648	-383.899
0	631	764.987	-349.258
2	631	578.732	-395.215
0	632	764.987	-349.258
2	632	578.732	-395.215
0	633	1889.693	-338.647
2	633	1664.719	-433.791
0	634	973.257	-399.153
2	634	793.331	-468.549
0	635	980.789	-408.1
2	635	800.717	-478.454
0	636	1957.543	-399.295
2	636	1734.258	-496.281
0	159	1993.372	-411.801
2	159	1770.68	-509.367
0	160	1993.372	-411.801
2	160	1770.68	-509.367
0	162	2023.717	-421.556
2	162	1801.635	-519.239
0	163	2029.087	-416.099
2	163	1806.732	-513.617
0	164	2057.451	-410.952
2	164	1834.884	-508.81
0	165	2057.451	-410.952
2	165	1834.884	-508.81
0	166	1577.405	-486.21
2	166	1347.61	-582.989
0	167	1937.19	-463.289
2	167	1716.022	-561.053
0	168	1937.19	-463.289
2	168	1716.022	-561.053
0	637	1971.998	-450.115
2	637	1750.237	-547.886
0	169	1987.222	-456.429
2	169	1765.947	-554.331
0	170	2002.808	-461.002
2	170	1781.804	-559.082
0	171	2109.415	-451.365
2	171	1888.102	-549.964
0	172	2078.388	-481.559
2	172	1857.99	-580.385
0	173	2078.388	-481.559
2	173	1857.99	-580.385
0	638	1807.172	-515.445
2	638	1584.415	-614.671
0	639	1848.245	-528.855
2	639	1627.389	-628.099
0	175	1947.813	-565.38
2	175	1730.069	-665.687
0	176	2041.262	-531.404
2	176	1822.901	-630.947
0	177	2041.262	-531.404
2	177	1822.901	-630.947
0	640	446.305	-590.237
2	640	201.479	-686.214
0	641	455.747	-581.474
2	641	213.449	-674.853
0	642	455.747	-581.474
2	642	213.449	-674.853
0	643	463.2	-582.388
2	643	222.976	-675.818
0	182	898.691	-602.839
2	182	719.449	-706.606
0	644	1471.65	-589.358
2	644	1239.823	-690.848
0	645	1669.101	-607.314
2	645	1448.946	-710.481
0	646	1684.439	-598.239
2	646	1467.551	-699.706
0	647	1769.117	-633.88
2	647	1555.719	-737.509
0	183	1872.415	-576.489
2	183	1653.256	-677.425
0	192	1379.899	-683.573
2	192	1138.958	-790.945
0	193	1742.807	-689.309
2	193	1530.674	-794.874
0	195	1566.156	-732.427
2	195	1347.426	-841.775
0	648	569.404	-782.216
2	648	357.125	-937.776
0	649	1343.605	-865.349
2	649	1120.504	-987.268
0	650	1187.245	-902.043
2	650	957.918	-1032.135
0	211	1361.095	-998.018
2	211	1163.451	-1135.962
0	212	1361.095	-998.018
2	212	1163.451	-1135.962
0	651	1874.793	-1106.466
2	651	1700.054	-1234.573
0	652	1874.793	-1106.466
2	652	1700.054	-1234.573
0	653	1890.189	-1111.608
2	653	1718.844	-1239.573
0	654	2087.8	-1095.692
2	654	1906.849	-1173.902
0	218	876.423	-1182.343
2	218	714.781	-1411.151
0	655	1211.417	-1202.099
2	655	1013.859	-1369.954
0	220	1620.382	-1199.8
2	220	1397.587	-1330.45
0	221	1649.878	-1201.399
2	221	1428.491	-1330.956
0	656	337.544	-1239.171
2	656	60.39	-1605.024
0	224	1243.806	-1241.734
2	224	1048.675	-1411.987
0	225	1248.523	-1230.868
2	225	1053.125	-1399.581
0	657	1583.78	-1222.917
2	657	1362.669	-1356.949
0	226	1671.191	-1268.35
2	226	1471.909	-1407.467
0	658	1883.038	-1218.306
2	658	1706.155	-1351.32
0	659	1881.289	-1243.62
2	659	1704.842	-1377.624
0	660	1886.414	-1249.658
2	660	1710.328	-1383.372
0	227	1880.638	-1254.665
2	227	1704.293	-1388.984
0	661	1880.638	-1254.665
2	661	1704.293	-1388.984
0	229	1597.52	-1292.506
2	229	1392.983	-1435.475
0	230	1601.439	-1309.73
2	230	1399.532	-1454.446
0	231	1637.609	-1293.253
2	231	1436.119	-1434.743
0	232	1644.294	-1300.595
2	232	1443.541	-1442.475
0	233	1627.31	-1312.057
2	233	1427.309	-1455.776
0	662	1663.52	-1339.978
2	662	1479.457	-1489.559
0	663	2105.946	-1308.419
2	663	2030.033	-1460.96
0	664	567.707	-1363.069
2	664	368.835	-1712.366
0	665	991.45	-1381.971
2	665	835.947	-1649.82
0	666	1703.423	-1365.526
2	666	1522.43	-1513.213
0	667	1148.536	-1424.324
2	667	992.797	-1649.466
0	668	305.785	-1480.371
2	668	2319.575	-57.694
0	253	2073.753	-1601.391
2	253	1864.515	-1679.932
0	669	1285.246	-43.356
2	669	1034.794	-116.448
0	670	870.082	-78.918
2	670	652.918	-99.889
0	671	748.293	-129.125
2	671	526.062	-145.472
0	672	1717.874	-176.699
2	672	1487.029	-266.654
0	673	1717.874	-176.699
2	673	1487.029	-266.654
0	674	401.089	-237.251
2	674	143.979	-210.863
0	675	500.284	-207.126
2	675	270.389	-185.594
0	257	1519.431	-198.151
2	257	1281.966	-283.169
0	676	640.925	-331.057
2	676	440.397	-361.484
0	677	640.925	-331.057
2	677	440.397	-361.484
0	678	782.128	-348.061
2	678	597.225	-394.99
0	679	870.177	-374.589
2	679	568.326	-390.506
0	680	892.366	-373.255
2	680	712.581	-433.905
0	259	1324.577	-344.713
2	259	1080.42	-432.077
0	260	1532.949	-348.441
2	260	1299.035	-439.015
0	261	1532.949	-348.441
2	261	1299.035	-439.015
0	262	1847.052	-327.84
2	262	1620.424	-422.126
0	263	1847.052	-327.84
2	263	1620.424	-422.126
0	681	1889.101	-338.611
2	681	1663.701	-433.614
0	265	1940.441	-356.255
2	265	1716.127	-452.161
0	266	1940.441	-356.255
2	266	1716.127	-452.161
0	682	1940.217	-369.964
2	682	1716.201	-466.058
0	267	1959.792	-356.67
2	267	1735.639	-452.875
0	268	1977.358	-357.901
2	268	1753.313	-454.364
0	269	2062.464	-356.712
2	269	1838.209	-453.897
0	270	1324.245	-436.128
2	270	1081.321	-528.527
0	271	1950.779	-385.998
2	271	1727.214	-482.571
0	272	1978.61	-432.706
2	272	1757.064	-530.452
0	273	1990.312	-386.217
2	273	1767.098	-483.098
0	683	2041.798	-395.036
2	683	1818.627	-492.605
0	274	2042.411	-417.72
2	274	1820.216	-515.525
0	684	2034.661	-429.203
2	684	1813.081	-527.204
0	685	2034.661	-429.203
2	685	1813.081	-527.204
0	275	2108.836	-403.26
2	275	1885.592	-501.629
0	276	2063.715	-444.508
2	276	1842.31	-542.798
0	277	1876.604	-479.522
2	277	1654.672	-577.435
0	278	1954.041	-485.68
2	278	1733.534	-584.139
0	279	1954.041	-485.68
2	279	1733.534	-584.139
0	280	1980.433	-507.564
2	280	1760.817	-606.669
0	686	379.936	-569.15
2	686	113.774	-656.563
0	687	442.351	-559.818
2	687	196.531	-646.009
0	688	642.637	-572.582
2	688	440.945	-666.586
0	689	1873.881	-527.266
2	689	1652.883	-626.615
0	284	2071.111	-529.923
2	284	1852.494	-629.719
0	690	875.956	-606.32
2	690	696.283	-710.93
0	691	875.956	-606.32
2	691	696.283	-710.93
0	692	980.477	-623.034
2	692	801.972	-730.466
0	693	1298.295	-632.236
2	693	1062.922	-735.722
0	694	1488.118	-605.836
2	694	1254.802	-712.07
0	695	1674.631	-613.841
2	695	1454.938	-717.278
0	696	1676.909	-623.702
2	696	1458.991	-726.693
0	697	1754.202	-617.122
2	697	1538.384	-718.928
0	698	1749.988	-625.677
2	698	1535.24	-728.45
0	699	1749.988	-625.677
2	699	1535.24	-728.45
0	700	1759.643	-624.661
2	700	1545.05	-727.453
0	701	1760.896	-610.924
2	701	1544.973	-712.673
0	286	1861.967	-602.428
2	286	1643.23	-703.914
0	287	2057.91	-594.682
2	287	1841.863	-695.358
0	702	1325.716	-679.459
2	702	1090.486	-785.941
0	291	1374.115	-690.66
2	291	1133.958	-797.465
0	292	1564.416	-656.249
2	292	1342.511	-760.993
0	293	1742.993	-660.599
2	293	1529.955	-765.213
0	294	1861.342	-654.958
2	294	1644.057	-758.172
0	703	1984.368	-687.015
2	703	1780.521	-793.239
0	296	1264.898	-757.749
2	296	1043.191	-871.788
0	704	1747.032	-728.993
2	704	1537.103	-836.934
0	297	1746.119	-750.506
2	297	1537.126	-858.72
0	299	1145.893	-819.167
2	299	1021.021	-962.511
0	705	831.644	-893.137
2	705	657.828	-1060.025
0	706	1353.034	-893.221
2	706	1127.7	-1015.991
0	707	679.651	-907.044
2	707	490.642	-1090.678
0	708	1711.066	-1024.594
2	708	1529.05	-1152.896
0	709	1919.047	-1127.521
2	709	1754.075	-1256.579
0	710	390.526	-1186.618
2	710	134.008	-1513.236
0	309	1635.301	-1200.82
2	309	1413.005	-1330.97
0	711	1673.539	-1162.135
2	711	1451.73	-1287.896
0	310	1664.787	-1200.881
2	310	1444.01	-1330.001
0	311	1679.828	-1200.089
2	311	1459.571	-1328.597
0	712	1741.405	-1253.184
2	712	1546.145	-1388.646
0	713	1780.266	-1268.642
2	713	1587.981	-1404.861
0	714	1586.505	-1301.324
2	714	1381.542	-1445.111
0	315	1640.252	-1313.539
2	315	1441.542	-1457.02
0	715	2002.479	-1319.823
2	715	1874.614	-1464.81
0	320	1381.402	-1368.958
2	320	1193.099	-1541.258
0	716	1930.648	-1527.375
2	716	1804.092	-1690.94
0	717	1930.648	-1527.375
2	717	1804.092	-1690.94
0	718	778.767	-1539.731
2	718	559.115	-1501.984
0	719	1295.85	-33.44
2	719	1045.709	-105.157
0	720	374.26	-154.628
2	720	107.298	-95.57
0	326	1283.711	-134.701
2	326	1032.494	-211.923
0	328	2145.022	-166.954
2	328	1970.878	-257.317
0	721	413.964	-194.345
2	721	160.776	-156.42
0	330	1337.565	-241.868
2	330	1093.028	-324.36
0	722	2162.926	-193.436
2	722	1988.963	-284.362
0	331	1569.901	-269.255
2	331	1335.485	-357.763
0	723	1940.456	-369.903
2	723	1716.354	-466.143
0	724	1977.481	-358.003
2	724	1753.421	-454.463
0	725	1995.957	-357.937
2	725	1771.689	-454.546
0	335	2091.775	-358.461
2	335	1867.119	-456.249
0	336	2107.597	-358.574
2	336	1882.668	-456.675
0	337	2107.597	-358.574
2	337	1882.668	-456.675
0	726	826.304	-425.877
2	726	645.901	-492.223
0	338	1940.387	-396.848
2	338	1716.772	-493.189
0	339	2026.746	-436.119
2	339	1805.174	-534.013
0	341	2096.12	-400.07
2	341	1872.908	-498.688
0	342	2075.381	-420.2
2	342	1852.839	-518.306
0	343	2075.381	-420.2
2	343	1852.839	-518.306
0	345	2099.368	-441.558
2	345	1877.777	-540.37
0	346	1429.396	-451.798
2	346	1192.772	-545.947
0	727	1429.396	-451.798
2	727	1192.772	-545.947
0	347	2022.621	-448.493
2	347	1801.331	-546.57
0	728	2027.307	-498.042
2	728	1807.562	-597.07
0	729	2027.307	-498.042
2	729	1807.562	-597.07
0	348	2079.561	-448
2	348	1857.948	-546.468
0	349	2079.561	-448
2	349	1857.948	-546.468
0	730	402.276	-558.129
2	730	144.048	-642.318
0	731	1338.739	-545.578
2	731	1098.258	-644.433
0	732	1338.739	-545.578
2	732	1098.258	-644.433
0	733	1430.846	-545.897
2	733	1195.705	-645.132
0	351	1522.114	-547.582
2	351	1291.313	-646.984
0	352	1522.114	-547.582
2	352	1291.313	-646.984
0	734	792.831	-592.238
2	734	608.917	-693.02
0	353	1742.079	-635.135
2	353	1527.346	-738.654
0	735	400.389	-648.827
2	735	141.965	-764.642
0	736	1560.335	-698.329
2	736	1528.282	-809.155
0	356	1898.581	-656.438
2	356	1682.246	-759.389
0	737	1569.453	-704.248
2	737	1349.755	-812.153
0	738	499.443	-954.9
2	738	274.604	-1172.404
0	364	2436.148	-1028.388
2	364	384.867	-724.973
0	365	946.551	-1135.672
2	365	838.829	-1007.008
0	739	946.551	-1135.672
2	739	838.829	-1007.008
0	367	1602.883	-1190.19
2	367	1378.802	-1320.594
0	740	1740.345	-1262.803
2	740	1545.547	-1398.889
0	741	1755.922	-1266.68
2	741	1561.285	-1402.706
0	742	1824.552	-1266.795
2	742	1633.364	-1398.943
0	743	1069.998	-1322.633
2	743	875.883	-1286.079
0	744	1617.144	-1298.719
2	744	1414.651	-1441.338
0	371	1702.444	-1379.459
2	371	1521.271	-1528.881
0	374	356.876	-1629.491
2	374	2304.021	-1400.317
0	745	433.231	-269.134
2	745	186.114	-257.615
0	746	457.445	-287.993
2	746	217.774	-285.617
0	747	634.396	-302.013
2	747	432.81	-325.351
0	380	1584.895	-301.297
2	380	1350.596	-391.545
0	381	1828.004	-285.376
2	381	1600.614	-378.915
0	382	1989.941	-372.623
2	382	1766.282	-469.407
0	383	2004.478	-369.18
2	383	1780.785	-465.963
0	748	1821.346	-403.305
2	748	1596.405	-499.141
0	749	1997.958	-408.197
2	749	1775.671	-505.618
0	750	1997.958	-408.197
2	750	1775.671	-505.618
0	387	2074.173	-435.383
2	387	1852.368	-533.838
0	388	2104.943	-428.289
2	388	1882.628	-526.786
0	751	951.229	-450.879
2	751	771.961	-527.295
0	752	1903.732	-490.631
2	752	1682.282	-588.961
0	390	2002.391	-497.135
2	390	1782.654	-595.977
0	391	2002.391	-497.135
2	391	1782.654	-595.977
0	392	2083.313	-461.844
2	392	1863.192	-560.189
0	753	446.078	-573.177
2	753	200.946	-664.209
0	754	609.456	-579.669
2	754	402.022	-675.387
0	755	609.456	-579.669
2	755	402.022	-675.387
0	393	625.59	-594.588
2	393	422.152	-694.108
0	756	779.516	-612.825
2	756	424.672	-697.322
0	395	1998.241	-594.536
2	395	1781.658	-695.57
0	757	2025.816	-594.908
2	757	1808.814	-695.892
0	758	1354.737	-825.383
2	758	1133.954	-944.252
0	759	802.116	-891.871
2	759	624.829	-1060.792
0	400	1314.771	-986.808
2	400	1116.017	-1126.237
0	760	1350.657	-978.853
2	760	1152.503	-1115.12
0	761	1359.566	-994.358
2	761	1161.032	-1133.329
0	762	1685.301	-1005.135
2	762	1495.771	-1131.225
0	763	1764.37	-1017.602
2	763	1586.285	-1144.788
0	764	1050.191	-1082.502
2	764	692.046	-1386.18
0	765	1050.191	-1082.502
2	765	692.046	-1386.18
0	401	1344.341	-1024.981
2	401	1147.34	-1166.315
0	402	1042.133	-1114.898
2	402	838.963	-1020.444
0	766	841.677	-1181.769
2	766	677.258	-1415.81
0	767	2404.771	-1205.289
2	767	1587.636	-332.756
0	768	1889.673	-1263.501
2	768	1713.816	-1397.273
0	769	1072.581	-1339.484
2	769	786.401	-1362.911
0	770	1335.241	-1379.062
2	770	1146.121	-1557.085
0	405	1370.306	-1366.896
2	405	1181.579	-1539.791
0	406	1370.306	-1366.896
2	406	1181.579	-1539.791
0	407	1378.461	-1381.517
2	407	1190.212	-1555.408
0	771	1693.772	-1344.25
2	771	1509.055	-1492.385
0	772	1835.106	-1408.209
2	772	1674.457	-1557.085
0	773	2416.573	-1596.718
2	773	1841.538	-312.794
0	774	403.324	-167.276
2	774	147.652	-117.907
0	775	465.761	-262.76
2	775	231.212	-256.762
0	413	766.965	-327.774
2	413	420.777	-647.077
0	415	1919.077	-334.299
2	415	1694.131	-429.119
0	416	1966.864	-383.008
2	416	1743.163	-479.719
0	417	2022.289	-332.412
2	417	1798.318	-429.317
0	776	2050.943	-333.143
2	776	1825.951	-430.456
0	418	2070.739	-374.014
2	418	1846.791	-471.764
0	777	869.838	-403.558
2	777	567.884	-429.111
0	778	869.838	-403.558
2	778	567.884	-429.111
0	779	957.604	-418.983
2	779	778.329	-490.617
0	419	1574.142	-412.912
2	419	1342.474	-506.609
0	420	1990.747	-442.812
2	420	1769.152	-540.604
0	421	1990.747	-442.812
2	421	1769.152	-540.604
0	780	1574.79	-462.776
2	780	1344.285	-558.27
0	781	1579.125	-505.002
2	781	1348.869	-602.799
0	422	1974.321	-556.893
2	422	1756.407	-656.848
0	423	2036.562	-557.073
2	423	1818.71	-657.075
0	782	876.062	-635.849
2	782	403.028	-725.224
0	783	1252.452	-600.314
2	783	1017.201	-702.368
0	425	1321.457	-660.85
2	425	1085.955	-763.511
0	784	1468.66	-679.423
2	784	1240.887	-783.642
0	426	2079.847	-680.535
2	426	1866.508	-782.918
0	785	1734.374	-778.883
2	785	1336.089	-883.2
0	434	1205.771	-839.977
2	434	961.481	-943.693
0	786	1474.902	-886.681
2	786	1249.662	-1006.499
0	787	1578.111	-889.205
2	787	1358.551	-1008.203
0	788	1650.813	-893.934
2	788	1436.102	-1011.397
0	789	1331.187	-956.34
2	789	1132.332	-1092.12
0	437	1331.187	-956.34
2	437	1132.332	-1092.12
0	438	1500.701	-952.425
2	438	1267.932	-1075.726
0	790	958.355	-1122.542
2	790	642.826	-1049.615
0	791	1779.304	-1143.002
2	791	1607.706	-1277.402
0	792	1859.753	-1100.62
2	792	1680.158	-1227.881
0	793	349.783	-1154.866
2	793	42.924	-1458.678
0	442	1620.5	-1193.747
2	442	1399.761	-1324.072
0	443	1620.5	-1193.747
2	443	1399.761	-1324.072
0	444	1609.991	-1209.238
2	444	1386.921	-1340.906
0	794	719.476	-1272.013
2	794	548.613	-1555.143
0	795	719.476	-1272.013
2	795	548.613	-1555.143
0	796	1236.882	-1229.552
2	796	1041.035	-1398.635
0	797	1236.882	-1229.552
2	797	1041.035	-1398.635
0	798	1904.927	-1270.969
2	798	1731.205	-1399.798
0	445	1609.435	-1285.069
2	445	1404.812	-1427.159
0	799	1777.566	-1338.283
2	799	1594.29	-1480.062
0	800	979.145	-1369.463
2	800	827.383	-1620.094
0	801	979.145	-1369.463
2	801	827.383	-1620.094
0	446	1352.875	-1347.64
2	446	1163.55	-1520.228
0	447	1353.527	-1398.596
2	447	1164.8	-1576.077
0	802	863.724	-64.134
2	802	647.531	-85.365
0	803	863.298	-101.058
2	803	647.49	-124.925
0	451	2124.698	-149.844
2	451	1949.344	-239.754
0	804	2124.698	-149.844
2	804	1949.344	-239.754
0	805	363.788	-247.982
2	805	95.568	-221.929
0	806	396.562	-207.554
2	806	138.152	-171.279
0	807	415.293	-243.226
2	807	162.517	-220.53
0	808	1264.731	-211.028
2	808	1009.991	-289.639
0	452	1508.791	-191.064
2	452	1271.305	-275.873
0	453	1544.76	-192.117
2	453	1308.113	-276.31
0	809	1585.155	-234.92
2	809	1349.519	-321.659
0	810	623.064	-262.941
2	810	418.937	-274.811
0	454	1987.492	-299.217
2	454	1762.787	-395.014
0	811	754.254	-375.857
2	811	389.609	-371.954
0	455	1868.067	-353.339
2	455	1642.095	-448.23
0	812	1971.483	-318.683
2	812	1745.518	-414.619
0	813	1988.899	-366.081
2	813	1765.195	-462.543
0	456	2052.415	-364.283
2	456	1828.482	-461.485
0	457	2052.415	-364.283
2	457	1828.482	-461.485
0	814	2048.142	-429.894
2	814	1826.297	-528.249
0	458	1825.311	-456.054
2	458	1601.632	-553.78
0	460	2011.921	-446.717
2	460	1790.256	-544.197
0	461	2046.246	-457.562
2	461	1825.492	-556.263
0	462	1912.239	-551.933
2	462	1692.538	-651.539
0	815	1941.575	-560.042
2	815	1723.308	-660.144
0	816	399.088	-580.355
2	816	139.808	-673.301
0	817	425.156	-606.661
2	817	174.688	-708.942
0	818	1360.57	-636.023
2	818	1120.817	-739.354
0	465	1885.552	-578.869
2	465	1666.888	-679.575
0	466	2012.342	-580.697
2	466	1795.495	-681.202
0	467	2053.869	-578.913
2	467	1837.882	-679.512
0	819	2053.869	-578.913
2	819	1837.882	-679.512
0	468	1848.577	-672.62
2	468	1631.486	-776.514
0	820	817.056	-878.074
2	820	472.606	-1091.762
0	821	1324.851	-901.338
2	821	1099.565	-1027.391
0	822	1462.518	-932.389
2	822	1245.634	-1056.728
0	823	481.146	-990.767
2	823	253.904	-1225.688
0	824	1332.745	-981.972
2	824	1134.259	-1120.344
0	825	1332.745	-981.972
2	825	1134.259	-1120.344
0	826	352.153	-1157.416
2	826	80.875	-1481.05
0	827	1217.295	-1238.439
2	827	1163.804	-1547.873
0	828	1634.382	-1308.915
2	828	1434.846	-1452.446
0	829	1672.276	-1335.731
2	829	1489.38	-1484.328
0	830	1352.734	-1372.839
2	830	1163.804	-1547.873
0	831	940.596	-1706.997
2	831	334.348	-1689.372
0	832	940.596	-1706.997
2	832	334.348	-1689.372
0	833	615.135	-290.6
2	833	409.342	-304.921
0	470	1832.009	-347.45
2	470	1605.701	-441.578
0	471	1596.211	-430.687
2	471	1363.629	-524.563
0	472	2079.849	-395.656
2	472	1856.635	-493.48
0	474	2005.145	-555.137
2	474	1787.612	-655.283
0	475	1427.739	-576.644
2	475	1192.123	-678.266
0	834	1319.133	-643.618
2	834	1082.647	-749.054
0	835	664.147	-906.44
2	835	472.606	-1091.762
0	836	1264.899	-904.461
2	836	1041.362	-1033.368
0	837	1730.875	-1029.023
2	837	1550.427	-1157.934
0	477	1589.763	-1200.011
2	477	1364.924	-1331.388
0	838	1589.763	-1200.011
2	838	1364.924	-1331.388
0	839	1885.4	-1423.762
2	839	1725.402	-1570.051
0	840	765.542	-1549.496
2	840	543.393	-1512.558
0	841	751.451	-1608.862
2	841	526.687	-1587.808
0	842	751.451	-1608.862
2	842	526.687	-1587.808
0	843	389.587	-237.605
2	843	128.595	-209.289
0	844	389.587	-237.605
2	844	128.595	-209.289
0	479	1591.594	-244.621
2	479	1356.724	-330.925
0	845	360.361	-284.585
2	845	90.305	-268.632
0	846	360.361	-284.585
2	846	90.305	-268.632
0	847	576.07	-366.072
2	847	358.993	-397.289
0	480	1990.079	-332.363
2	480	1765.365	-428.897
0	848	728.644	-394.604
2	848	536.404	-446.602
0	849	833.801	-448.339
2	849	652.469	-520.217
0	850	423.783	-564.685
2	850	171.771	-651.558
0	851	423.783	-564.685
2	851	171.771	-651.558
0	852	397.847	-622.202
2	852	138.021	-728.057
0	853	1316.067	-862.852
2	853	1090.138	-986.956
0	854	1316.067	-862.852
2	854	1090.138	-986.956
0	855	478.522	-950.023
2	855	247.986	-1169.947
0	856	1732.906	-972.028
2	856	1544.693	-1094.165
0	483	1678.235	-1366.792
2	483	1495.032	-1516.188
0	857	1919.839	-419.795
2	857	1696.806	-517.354
0	484	2017.353	-395.309
2	484	1794.314	-492.775
0	485	2017.353	-395.309
2	485	1794.314	-492.775
0	858	1566.959	-499.538
2	858	1336.242	-594.492
0	486	2038.682	-445.461
2	486	1816.447	-543.484
0	859	2006.466	-481.57
2	859	1783.964	-583.011
0	860	1372.935	-878.69
2	860	1150.113	-998.624
0	861	999.535	-1120.567
2	861	837.359	-1316.425
0	862	1705.869	-1248.306
2	862	1503.99	-1381.969
0	863	1964.351	-1334.115
2	863	1817.283	-1460.989
0	489	1841.144	-1437.001
2	489	1681.53	-1589.243
0	864	441.279	-229.801
2	864	198.459	-205.196
0	491	1427.974	-227.689
2	491	1187.379	-311.68
0	492	1242.592	-254.373
2	492	989.193	-336.26
0	865	633.488	-365.124
2	865	432.73	-403.727
0	866	934.597	-618.965
2	866	753.455	-729.583
0	867	1797.535	-740.852
2	867	1580.981	-857.216
0	868	1375.182	-927.931
2	868	1164.679	-1049.713
0	869	1693.391	-933.316
2	869	1487.471	-1051.655
0	496	1537.33	-232.587
2	496	1301.647	-318.565
0	498	1549.19	-442.743
2	498	1316.894	-535.143
0	499	1968.032	-428.134
2	499	1745.555	-525.786
0	870	1763.141	-1191.033
2	870	1575.845	-1316.268
0	501	1534.148	-644.329
2	501	1308.413	-750.445
0	871	1425.518	-733.378
2	871	1193.98	-847.652
0	872	1612.978	-911.983
2	872	1394.36	-1032.446
0	873	1441.61	-1001.968
2	873	1235.41	-1117.365
0	874	1827.265	-1135.727
2	874	1652.77	-1265.233
0	875	1936.907	-1137.996
2	875	1777.689	-1263.373
0	503	1632.985	-579.916
2	503	1409.907	-680.44
0	504	1710.9	-673.446
2	504	1493.76	-777.261
0	506	1524.025	-835.952
2	506	1303.662	-955.832
0	876	1403.494	-367.405
2	876	1161.632	-455.49
0	877	1143.264	-718.497
2	877	950.671	-801.369
1	530	616.43	-55.805
2	530	98.195	-348.684
1	140	1637.119	-13.03
2	140	1590.894	-116.832
1	141	1637.119	-13.03
2	141	1590.894	-116.832
1	878	643.29	-67.063
2	878	400.059	-424.672
1	1	1004.606	-95.004
2	1	908.014	-213.785
1	142	1719.766	-103.545
2	142	1682.308	-212.809
1	0	1731.492	-103.58
2	0	1694.916	-214.005
1	2	1975.388	-100.918
2	2	1988.541	-243.664
1	3	1975.388	-100.918
2	3	1988.541	-243.664
1	4	1957.569	-122.927
2	4	1969.486	-268.239
1	5	1974.846	-114.711
2	5	1988.182	-259.243
1	6	1974.846	-114.711
2	6	1988.182	-259.243
1	147	1979.006	-123.917
2	147	1993.199	-269.139
1	879	2013.253	-111.365
2	879	2030.417	-255.242
1	146	1984.595	-114.687
2	146	1999.016	-258.777
1	880	1997.752	-118.099
2	880	2013.647	-262.238
1	881	957.793	-145.454
2	881	2280.979	-155.987
1	7	1395.616	-170.517
2	7	1334.615	-290.682
1	8	1395.616	-170.517
2	8	1334.615	-290.682
1	9	1945.445	-157.122
2	9	1957.014	-306.648
1	10	1945.445	-157.122
2	10	1957.014	-306.648
1	11	1963.419	-152.853
2	11	1977.036	-302.018
1	12	1963.138	-158.158
2	12	1976.94	-307.52
1	14	1182.229	-209.499
2	14	1103.906	-339.703
1	15	1395.705	-219.662
2	15	1335.747	-345.095
1	882	2031.506	-250.684
2	882	2346.277	-1267.273
1	883	2093.388	-242.062
2	883	2225.618	-516.282
1	528	1396.172	-262.341
2	528	1337.457	-391.989
1	153	1760.733	-279.137
2	153	1730.687	-402.524
1	154	1845.992	-264.177
2	154	1821.67	-384.755
1	155	1845.992	-264.177
2	155	1821.67	-384.755
1	16	1654.561	-338.212
2	16	1618.324	-469.011
1	19	1666.734	-362.722
2	19	1631.785	-495.615
1	159	1794.892	-377.356
2	159	1770.68	-509.367
1	160	1794.892	-377.356
2	160	1770.68	-509.367
1	21	1851.06	-371.365
2	21	1830.858	-502.161
1	164	1854.408	-377.734
2	164	1834.884	-508.81
1	165	1854.408	-377.734
2	165	1834.884	-508.81
1	884	1117.596	-421.414
2	884	1038.703	-575.421
1	549	1181.529	-426.401
2	549	1108.74	-579.606
1	23	1269.5	-430.233
2	23	1204.851	-580.902
1	24	1313.333	-432.412
2	24	1252.487	-581.754
1	885	1399.008	-392.26
2	885	1344.477	-534.779
1	25	1356.639	-434.595
2	25	1299.499	-582.83
1	162	1823.492	-386.923
2	162	1801.635	-519.239
1	28	1796.627	-422.242
2	28	1774.164	-558.581
1	170	1803.937	-422.908
2	170	1781.804	-559.082
1	29	1875.021	-428.233
2	29	1858.725	-563.567
1	886	972.003	-480.736
2	886	870.389	-788.769
1	887	1006.045	-510.607
2	887	919.58	-694.474
1	888	1121.321	-456.845
2	888	1044.528	-614.765
1	26	1432.242	-461.418
2	26	1380.8	-604.855
1	27	1432.242	-461.418
2	27	1380.8	-604.855
1	31	1642.486	-482.674
2	31	1609.845	-627.818
1	32	1665.622	-483.532
2	32	1634.493	-628.114
1	33	1734.194	-485.867
2	33	1708.778	-629.455
1	34	1827.987	-488.616
2	34	1810.482	-630.667
1	176	1839.945	-489.039
2	176	1822.901	-630.947
1	177	1839.945	-489.039
2	177	1822.901	-630.947
1	40	1212.108	-527.227
2	40	1144.765	-690.029
1	41	1491.148	-563.211
2	41	1450.162	-726.436
1	42	1530.513	-572.68
2	42	1509.959	-734.392
1	43	1615.238	-557.184
2	43	1582.554	-705.116
1	175	1753.244	-519.317
2	175	1730.069	-665.687
1	44	1743.028	-543.316
2	44	1720.109	-692.489
1	46	1795.884	-531.776
2	46	1776.784	-679.004
1	45	1795.884	-531.776
2	45	1776.784	-679.004
1	47	1815.318	-540.235
2	47	1735.065	-687.417
1	889	1823.921	-545.722
2	889	1681.968	-692.36
1	890	1866.095	-530.715
2	890	2339.72	-1096.801
1	193	1390.699	-617.226
2	193	1530.674	-794.874
1	53	1634.45	-591.19
2	53	1604.468	-747.444
1	54	1630.599	-610.19
2	54	1600.689	-768.515
1	61	1676.578	-619.738
2	61	1650.863	-778.172
1	891	870.22	-661.434
2	891	697.731	-760.778
1	63	1403.584	-667.598
2	63	1359.071	-847.032
1	64	1577.358	-674.781
2	64	1548.618	-851.288
1	57	1611.676	-651.639
2	57	1579.099	-807.095
1	58	1611.676	-651.639
2	58	1579.099	-807.095
1	68	1292.768	-720.578
2	68	1239.439	-910.997
1	71	1390.148	-735.28
2	71	1346.456	-924.031
1	72	1485.687	-739.654
2	72	1450.175	-926.954
1	69	1559.282	-704.84
2	69	1530.581	-885.955
1	892	757.468	-794.849
2	892	597.437	-1338.334
1	75	1859.554	-827.897
2	75	1862.98	-1019.91
1	212	1215.322	-879.014
2	212	1163.451	-1135.962
1	211	1215.322	-879.014
2	211	1163.451	-1135.962
1	893	1203.48	-885.286
2	893	1150.471	-1145.464
1	86	1194.668	-909.678
2	86	1141.618	-1173.796
1	95	1628.389	-1024.083
2	95	1626.118	-1277.446
1	109	1086.506	-1137.896
2	109	1027.43	-1452.833
1	224	1105.803	-1104.784
2	224	1048.675	-1411.987
1	108	1098.509	-1121.619
2	108	1040.886	-1432.375
1	110	1094.722	-1131.177
2	110	1037.153	-1444.126
1	99	1396.801	-1119.321
2	99	1359.454	-1313.348
1	894	840.689	-1181.158
2	894	875.098	-1293.522
1	895	1262.651	-1206.825
2	895	1221.393	-1442.573
1	896	1268.103	-1201.005
2	896	1226.503	-1436.237
1	897	1876.414	-1202.199
2	897	1931.464	-1537.538
1	123	1215.181	-1276.195
2	123	1176.042	-1579.64
1	121	1219.658	-1266.749
2	121	1180.663	-1568.234
1	122	1224.496	-1274.319
2	122	1185.773	-1575.801
1	898	1819.56	-1287.83
2	898	1862.254	-1615.259
1	899	1790.767	-1404.793
2	899	747.769	-1080.39
1	900	1010.271	-1597.71
2	900	913.437	-1555.592
1	901	1944.726	-104.41
2	901	1954.28	-248.175
1	618	1975.962	-108.698
2	618	1989.342	-252.225
1	145	1975.962	-108.698
2	145	1989.342	-252.225
1	144	1982.042	-104.09
2	144	1995.617	-247.361
1	902	2012.763	-117.825
2	902	2030.276	-261.748
1	903	2012.763	-117.825
2	903	2030.276	-261.748
1	904	1113.315	-182.887
2	904	1028.49	-307.686
1	905	1113.315	-182.887
2	905	1028.49	-307.686
1	257	1347.642	-162.071
2	257	1281.966	-283.169
1	906	1401.497	-178.621
2	906	1340.533	-299.217
1	151	1536.727	-173.248
2	151	1486.575	-291.254
1	152	1536.727	-173.248
2	152	1486.575	-291.254
1	907	965.306	-315.493
2	907	855.869	-590.487
1	908	965.306	-315.493
2	908	855.869	-590.487
1	260	1359.776	-304.295
2	260	1299.035	-439.015
1	261	1359.776	-304.295
2	261	1299.035	-439.015
1	909	1689.498	-304.962
2	909	1654.823	-432.354
1	910	2062.842	-310.899
2	910	2184.534	-593.699
1	911	840.715	-364.027
2	911	689.948	-433.572
1	912	1124.334	-363.209
2	912	1044.909	-511.127
1	913	1398.447	-348.278
2	913	1342.333	-486.49
1	265	1745.55	-324.291
2	265	1716.127	-452.161
1	266	1745.55	-324.291
2	266	1716.127	-452.161
1	914	1755.334	-331.404
2	914	1726.688	-459.553
1	17	1837.72	-332.569
2	17	1815.329	-459.219
1	163	1828.314	-381.819
2	163	1806.732	-513.617
1	915	1122.893	-441.403
2	915	1044.823	-597.462
1	166	1400.992	-436.015
2	166	1347.61	-582.989
1	272	1781.479	-396.344
2	272	1757.064	-530.452
1	167	1742.92	-423.346
2	167	1716.022	-561.053
1	168	1742.92	-423.346
2	168	1716.022	-561.053
1	279	1758.359	-444.994
2	279	1733.534	-584.139
1	278	1758.359	-444.994
2	278	1733.534	-584.139
1	169	1789.437	-418.271
2	169	1765.947	-554.331
1	172	1873.993	-443.451
2	172	1857.99	-580.385
1	173	1873.993	-443.451
2	173	1857.99	-580.385
1	171	1902.854	-416.046
2	171	1888.102	-549.964
1	916	1078.382	-511.084
2	916	997.722	-694.367
1	280	1783.111	-465.667
2	280	1760.817	-606.669
1	183	1681.386	-528.316
2	183	1653.256	-677.425
1	50	534.45	-622.666
2	50	168.447	-752.383
1	735	520.745	-629.487
2	735	141.965	-764.642
1	182	805.297	-604.478
2	182	719.449	-706.606
1	192	1205.542	-629.443
2	192	1138.958	-790.945
1	291	1200.383	-635.554
2	291	1133.958	-797.465
1	292	1391.149	-590.848
2	292	1342.511	-760.993
1	293	1562.745	-598.108
2	293	1529.955	-765.213
1	294	1670.115	-601.553
2	294	1644.057	-758.172
1	195	1393.299	-662.705
2	195	1347.426	-841.775
1	917	1402.172	-673.99
2	917	1357.632	-855.642
1	918	1575.283	-709.611
2	918	1357.021	-886.626
1	919	1000.603	-819.526
2	919	916.674	-1195.044
1	920	981.372	-866.995
2	920	857.719	-992.781
1	921	1017.844	-919.383
2	921	919.356	-1154.857
1	922	1012.441	-929.715
2	922	913.355	-1170.782
1	923	1980.522	-1049.257
2	923	1990.205	-1029.358
1	225	1110.281	-1094.495
2	225	1053.125	-1399.581
1	924	1279.066	-1112.619
2	924	1234.632	-1311.872
1	220	1431.83	-1136.544
2	220	1397.587	-1330.45
1	309	1445.919	-1137.071
2	309	1413.005	-1330.97
1	221	1460.144	-1137.302
2	221	1428.491	-1330.956
1	925	1262.238	-1194.259
2	925	1220.673	-1429.512
1	229	1421.022	-1206.131
2	229	1392.983	-1435.475
1	231	1460.378	-1206.125
2	231	1436.119	-1434.743
1	232	1466.865	-1212.705
2	232	1443.541	-1442.475
1	226	1493.812	-1179.702
2	226	1471.909	-1407.467
1	926	1899.458	-1199.234
2	926	1853.228	-1381.181
1	320	1231.449	-1244.823
2	320	1193.099	-1541.258
1	230	1426.616	-1220.774
2	230	1399.532	-1454.446
1	233	1451.208	-1222.369
2	233	1427.309	-1455.776
1	927	637.626	-1296.293
2	927	762.874	-1016.534
1	928	1872.556	-1355.001
2	928	1890.093	-1454.575
1	929	2007.456	-1422.555
2	929	2295.965	-1464.899
1	930	1013.291	-1576.189
2	930	914.348	-1528.899
1	931	1991.742	-115.554
2	931	2006.809	-259.882
1	932	1991.742	-115.554
2	932	2006.809	-259.882
1	259	1158.743	-292.704
2	259	1080.42	-432.077
1	262	1657.589	-295.679
2	262	1620.465	-422.28
1	263	1657.589	-295.679
2	263	1620.424	-422.126
1	933	1703.153	-288.129
2	933	1669.218	-412.865
1	270	1157.55	-379.811
2	270	1081.321	-528.527
1	267	1764.001	-325.601
2	267	1735.639	-452.875
1	268	1780.287	-326.891
2	268	1753.313	-454.364
1	271	1755.294	-352.135
2	271	1727.214	-482.571
1	338	1744.832	-361.632
2	338	1716.065	-492.638
1	273	1792.46	-352.956
2	273	1767.098	-483.098
1	269	1859.353	-327.967
2	269	1838.209	-453.897
1	275	1902.202	-372.021
2	275	1885.592	-501.629
1	934	1360.956	-388.678
2	934	1302.817	-532.285
1	935	1360.956	-388.678
2	935	1302.817	-532.285
1	277	1685.799	-437.766
2	277	1654.672	-577.435
1	936	1810.768	-385.957
2	936	1787.642	-517.647
1	347	1822.401	-411.847
2	347	1801.331	-546.57
1	274	1840.446	-384.148
2	274	1820.216	-515.525
1	276	1860.565	-408.972
2	276	1842.31	-542.798
1	937	1786.99	-484.748
2	937	1766.535	-627.084
1	284	1867.375	-488.274
2	284	1852.494	-629.719
1	753	551.689	-564.684
2	753	200.946	-664.209
1	938	1200.731	-532.809
2	938	1132.47	-696.256
1	286	1671.394	-552.426
2	286	1643.23	-703.914
1	939	1783.973	-546.024
2	939	1764.405	-694.866
1	287	1855.366	-547.757
2	287	1841.863	-695.358
1	940	741.306	-577.705
2	940	561.465	-1041.412
1	296	1112.762	-662.483
2	296	1043.191	-871.788
1	941	1112.762	-662.483
2	941	1043.191	-871.788
1	942	1406.459	-694.475
2	942	1363.053	-878.565
1	943	1406.459	-694.475
2	943	1363.053	-878.565
1	300	1400.707	-701.413
2	300	1357.021	-886.626
1	944	1423.157	-644.623
2	944	1378.819	-803.207
1	297	1566.359	-680.85
2	297	1537.126	-858.72
1	945	1561.017	-744.642
2	945	1532.563	-931.385
1	946	1246.765	-882.505
2	946	1194.923	-1094.88
1	947	1855.574	-835.334
2	947	1858.234	-1027.884
1	81	544.81	-982.859
2	81	190.619	-1237.79
1	948	1270.167	-1145.854
2	948	1226.267	-1345.797
1	310	1475.205	-1136.779
2	310	1444.01	-1330.001
1	315	1464.247	-1223.307
2	315	1441.542	-1457.02
1	371	1530.627	-1272.734
2	371	1521.271	-1528.881
1	949	1939.206	-1262.293
2	949	1963.258	-1224.813
1	950	2011.531	-1410.775
2	950	2315.064	-1402.759
1	951	685.437	-1643.776
2	951	358.321	-1680.773
1	952	410.134	-69.035
2	952	434.547	-228.132
1	953	410.134	-69.035
2	953	434.547	-228.132
1	326	1119.078	-94.707
2	326	1032.494	-211.923
1	954	1129.697	-112.142
2	954	1044.286	-231.428
1	328	1959.08	-113.282
2	328	1970.878	-257.317
1	955	848.353	-132.856
2	955	699.029	-415.808
1	956	848.353	-132.856
2	956	699.029	-415.808
1	957	923.881	-184.048
2	957	799.846	-447.504
1	958	1128.618	-148.751
2	958	1043.8	-274.163
1	959	1979.129	-180.697
2	959	1995.572	-331.191
1	330	1172.556	-195.523
2	330	1093.028	-324.36
1	960	1626.17	-275.962
2	960	1586.747	-399.802
1	961	2062.699	-306.227
2	961	1855.192	-1395.526
1	382	1791.591	-341.137
2	382	1766.282	-469.407
1	335	1886.48	-330.338
2	335	1867.119	-456.249
1	337	1900.774	-330.944
2	337	1882.668	-456.675
1	336	1900.774	-330.944
2	336	1882.668	-456.675
1	340	1857.278	-369.034
2	340	1840.086	-499.134
1	341	1890.471	-368.808
2	341	1872.908	-498.688
1	962	1119.337	-383.217
2	962	1039.906	-534.104
1	346	1259.253	-398.215
2	346	1192.772	-545.947
1	339	1826.404	-400.73
2	339	1805.174	-534.013
1	342	1871.165	-386.701
2	342	1852.839	-518.306
1	343	1871.165	-386.701
2	343	1852.839	-518.306
1	348	1875.174	-412.532
2	348	1857.948	-546.468
1	349	1875.174	-412.532
2	349	1857.948	-546.468
1	345	1893.495	-406.979
2	345	1877.777	-540.37
1	963	1893.495	-406.979
2	963	1877.777	-540.37
1	351	1347.561	-492.279
2	351	1291.313	-646.984
1	352	1347.561	-492.279
2	352	1291.313	-646.984
1	390	1803.555	-456.419
2	390	1782.654	-595.977
1	391	1803.555	-456.419
2	391	1782.654	-595.977
1	694	1310.092	-549.2
2	694	1254.802	-712.07
1	353	1560.242	-577.205
2	353	1527.346	-738.654
1	356	1706.27	-603.42
2	356	1682.246	-759.389
1	964	1901.751	-606.635
2	964	1892.96	-759.537
1	299	1093.839	-740.445
2	299	1021.021	-962.511
1	965	1927.772	-1008.493
2	965	1987.438	-1020.319
1	966	999.061	-1090.126
2	966	848.552	-999.23
1	367	1414.375	-1127.002
2	367	1378.802	-1320.594
1	744	1440.844	-1211.629
2	744	1414.651	-1441.338
1	967	1976.081	-1199.325
2	967	1997.7	-1168.142
1	968	2027.475	-1160.665
2	968	1975.23	-1082.615
1	969	960.119	-1354.161
2	969	922.448	-1518.167
1	970	960.119	-1354.161
2	970	922.448	-1518.167
1	971	1989.967	-1416.471
2	971	2236.825	-1576.352
1	972	494.648	-213.28
2	972	408.303	-349.607
1	331	1395.107	-231.512
2	331	1335.485	-357.763
1	381	1640.487	-255.419
2	381	1600.614	-378.915
1	380	1409.163	-263.45
2	380	1350.596	-391.545
1	776	1849.118	-306.064
2	776	1825.951	-430.456
1	416	1770.191	-349.494
2	416	1743.163	-479.719
1	383	1805.276	-338.219
2	383	1780.785	-465.963
1	387	1869.943	-400.563
2	387	1852.368	-533.838
1	388	1898.671	-394.859
2	388	1882.628	-526.786
1	392	1879.611	-425.15
2	392	1863.192	-560.189
1	973	1893.965	-456.949
2	973	1879.884	-595.095
1	754	518.482	-569.6
2	754	402.022	-675.387
1	395	1800.168	-546.895
2	395	1781.658	-695.57
1	394	795.908	-601.697
2	394	594.158	-693.304
1	425	1157.946	-588.045
2	425	1085.955	-763.511
1	203	1004.681	-661.95
2	203	885.711	-766.022
1	974	1382.14	-697.105
2	974	1527.283	-888.387
1	760	1206.017	-859.863
2	760	1152.503	-1115.12
1	401	1200.179	-902.926
2	401	1147.34	-1166.315
1	975	1312.806	-984.43
2	975	1266.333	-1134.7
1	374	418.584	-1044.976
2	374	2304.021	-1400.317
1	976	842.563	-1173.931
2	976	740.385	-1028.723
1	977	1266.429	-1208.027
2	977	1225.702	-1444.06
1	365	739.634	-1233.752
2	365	783.887	-1342.733
1	407	1228.818	-1256.628
2	407	1190.212	-1555.408
1	978	961.724	-1368
2	978	886.627	-1277.141
1	769	883.177	-1460.798
2	769	786.401	-1362.911
1	979	413.626	-52.504
2	979	430.895	-244.657
1	980	1975.272	-152.202
2	980	1989.954	-300.782
1	981	1975.272	-152.202
2	981	1989.954	-300.782
1	415	1726.294	-302.566
2	415	1694.131	-429.119
1	417	1822.589	-304.28
2	417	1798.318	-429.317
1	982	2370.112	-304.883
2	982	2410.496	-218.038
1	419	1399.504	-367.533
2	419	1342.474	-506.609
1	457	1850.009	-333.973
2	457	1828.482	-461.485
1	456	1850.009	-333.973
2	456	1828.482	-461.485
1	418	1866.795	-344.191
2	418	1846.791	-471.764
1	621	2341.04	-362.402
2	621	1587.731	-321.71
1	780	1397.922	-413.048
2	780	1344.285	-558.27
1	420	1792.503	-405.686
2	420	1769.152	-540.604
1	421	1792.503	-405.686
2	421	1769.152	-540.604
1	422	1776.692	-511.574
2	422	1756.407	-656.848
1	413	676.898	-565.686
2	413	420.777	-647.077
1	414	676.898	-565.686
2	414	420.777	-647.077
1	818	1188.258	-572.525
2	818	1120.817	-739.354
1	983	1754.265	-532.902
2	983	1732.461	-680.681
1	466	1812.693	-534.267
2	466	1795.495	-681.202
1	423	1835.436	-512.712
2	423	1818.71	-657.075
1	819	1855.089	-533.861
2	819	1837.882	-679.512
1	385	662.496	-601.718
2	385	576.592	-722.344
1	426	1875.777	-626.901
2	426	1866.508	-782.918
1	399	714.832	-889.204
2	399	750.91	-1000.432
1	439	1191.036	-886.309
2	439	1135.955	-1149.072
1	438	1318.349	-868.854
2	438	1267.932	-1075.726
1	984	702.409	-937.034
2	984	627.105	-1085.858
1	985	702.409	-937.034
2	985	627.105	-1085.858
1	986	1084.067	-1126.526
2	986	1023.628	-1441.546
1	442	1432.512	-1130.329
2	442	1399.761	-1324.072
1	443	1432.512	-1130.329
2	443	1399.761	-1324.072
1	987	1509.545	-1128.627
2	987	1479.964	-1321.033
1	445	1432.779	-1198.183
2	445	1404.812	-1427.159
1	446	1205.065	-1220.847
2	446	1163.55	-1520.228
1	440	1205.065	-1220.847
2	440	1163.55	-1520.228
1	447	1205.999	-1270.688
2	447	1164.8	-1576.077
1	988	1675.026	-1242.694
2	988	1675.719	-1475.926
1	451	1940.492	-97.201
2	451	1949.344	-239.754
1	453	1371.947	-156.565
2	453	1308.113	-276.31
1	454	1787.952	-272.571
2	454	1762.787	-395.014
1	989	2062.083	-293.717
2	989	2183.849	-570.74
1	990	2062.083	-293.717
2	990	2183.849	-570.74
1	455	1677.891	-319.952
2	455	1642.095	-448.23
1	472	1875.51	-364.162
2	472	1856.635	-493.48
1	458	1636.921	-414.782
2	458	1601.632	-553.78
1	460	1812.371	-409.327
2	460	1790.256	-544.197
1	461	1844.279	-420.45
2	461	1825.492	-556.263
1	465	1694.07	-530.657
2	465	1666.888	-679.575
1	467	1850.526	-532.866
2	467	1837.882	-679.512
1	991	1030.904	-741.806
2	991	946.958	-968.125
1	827	1081.426	-1099.389
2	827	1163.804	-1547.873
1	764	743.313	-1272.294
2	764	692.046	-1386.18
1	765	743.313	-1272.294
2	765	692.046	-1386.18
1	992	628.11	-1332.001
2	992	699.963	-1429.203
1	842	780.684	-1582.169
2	842	526.687	-1587.808
1	848	732.138	-115.003
2	848	536.404	-446.602
1	808	1095.673	-164.327
2	808	1009.991	-289.639
1	470	1643.818	-314.429
2	470	1605.701	-441.578
1	993	1137.565	-361.738
2	993	1059.032	-508.808
1	471	1417.934	-388.362
2	471	1363.629	-524.563
1	994	1812.431	-437.768
2	994	1790.528	-576.323
1	462	1718.463	-504.931
2	462	1692.538	-651.539
1	474	1806.121	-509.357
2	474	1787.612	-655.283
1	475	1256.688	-517.412
2	475	1192.123	-678.266
1	995	517.164	-607.841
2	995	402.319	-720.982
1	996	517.164	-607.841
2	996	402.319	-720.982
1	997	1629.555	-615.41
2	997	1596.999	-775.311
1	468	1659.66	-616.336
2	468	1631.486	-776.514
1	998	560.832	-994.492
2	998	218.654	-1256.768
1	477	1401.735	-1136.815
2	477	1364.924	-1331.388
1	479	1416.034	-209.899
2	479	1356.724	-330.925
1	999	1825.604	-275.979
2	999	1800.043	-398.874
1	480	1792.086	-303.4
2	480	1765.365	-428.897
1	490	1129.905	-175.91
2	490	1043.208	-301.218
1	484	1817.441	-362.029
2	484	1794.314	-492.775
1	485	1817.441	-362.029
2	485	1794.314	-492.775
1	486	1837.864	-409.364
2	486	1816.447	-543.484
1	489	1672.422	-1312.183
2	489	1681.53	-1589.243
1	491	1261.31	-186.424
2	491	1187.379	-311.68
1	492	1076.45	-208.661
2	492	989.193	-336.26
1	496	1364.768	-195.12
2	496	1301.647	-318.565
1	1000	1870.922	-361.931
2	1000	1851.834	-489.827
1	498	1374.642	-392.321
2	498	1316.894	-535.143
1	1001	1083.23	-695.08
2	1001	1008.579	-907.838
1	1002	1617.414	-795.465
2	1002	1600.236	-985.044
1	1003	765.48	-252.497
2	1003	594.205	-600.238
1	499	1771.201	-391.501
2	499	1745.555	-525.786
1	875	1763.577	-1025.949
2	875	1777.689	-1263.373
1	501	1363.324	-576.674
2	501	1308.413	-750.445
1	503	1456.047	-524.298
2	503	1409.907	-680.44
1	504	1529.999	-607.934
2	504	1493.76	-777.261
1	1004	1658.623	-578.051
2	1004	1631.436	-735.533
1	1005	1528.33	-761.29
2	1005	1499.756	-945.237
1	1006	1056.948	-589.409
2	1006	968.871	-790.171
1	1007	1064.058	-323.004
2	1007	980.475	-464.165
1	1008	1179.236	-630.898
2	1008	1106.927	-826.14
1	1009	1179.236	-630.898
2	1009	1106.927	-826.14
