1815.3290  459.2190
1106.6040  481.6830
1830.8580  502.1610
1108.7400  579.6060
1204.8510  580.9020
1252.4870  581.7540
1774.1640  558.5810
1858.7250  563.5670
1889.2180  591.3060
1609.8450  627.8180
1677.6590  665.3770
1708.7780  629.4550
1708.4280  665.7580
1810.4820  630.6670
1795.1050  666.6460
1144.7650  690.0290
1672.2640  686.3790
1713.8950  692.5460
1720.1090  692.4890
1730.5720  687.3250
1776.7840  679.0040
1776.7840  679.0040
1783.3210  679.0760
1783.3210  679.0760
1604.4680  747.4440
1600.6890  768.5150
1620.6540  774.0280
1601.2980  777.3860
1650.8630  778.1720
1682.3080  212.8090
1821.6700  384.7550
1821.6700  384.7550
1734.2580  496.2810
1770.6800  509.3670
1770.6800  509.3670
1801.6350  519.2390
1806.7320  513.6170
1834.8840  508.8100
1834.8840  508.8100
1716.0220  561.0530
1716.0220  561.0530
1765.9470  554.3310
1781.8040  559.0820
1888.1020  549.9640
1857.9900  580.3850
1857.9900  580.3850
1627.3890  628.0990
1730.0690  665.6870
1822.9010  630.9470
1822.9010  630.9470
1239.8230  690.8480
1653.2560  677.4250
1487.0290  266.6540
1487.0290  266.6540
1080.4200  432.0770
1735.6390  452.8750
1753.3130  454.3640
1838.2090  453.8970
1081.3210  528.5270
1757.0640  530.4520
1767.0980  483.0980
1818.6270  492.6050
1820.2160  515.5250
1813.0810  527.2040
1813.0810  527.2040
1885.5920  501.6290
1842.3100  542.7980
1733.5340  584.1390
1733.5340  584.1390
1760.8170  606.6690
1852.4940  629.7190
1643.2300  703.9140
1841.8630  695.3580
1644.0570  758.1720
1529.0500 1152.8960
1093.0280  324.3600
1753.4210  454.4630
1771.6890  454.5460
1867.1190  456.2490
1882.6680  456.6750
1882.6680  456.6750
1805.1740  534.0130
1872.9080  498.6880
1852.8390  518.3060
1852.8390  518.3060
1877.7770  540.3700
1192.7720  545.9470
1192.7720  545.9470
1801.3310  546.5700
1807.5620  597.0700
1807.5620  597.0700
1857.9480  546.4680
1857.9480  546.4680
1195.7050  645.1320
1291.3130  646.9840
1291.3130  646.9840
1682.2460  759.3890
1766.2820  469.4070
1780.7850  465.9630
1775.6710  505.6180
1775.6710  505.6180
1852.3680  533.8380
1882.6280  526.7860
1782.6540  595.9770
1782.6540  595.9770
1863.1920  560.1890
1781.6580  695.5700
1808.8140  695.8920
1495.7710 1131.2250
1798.3180  429.3170
1825.9510  430.4560
1846.7910  471.7640
1769.1520  540.6040
1769.1520  540.6040
1756.4070  656.8480
1818.7100  657.0750
1240.8870  783.6420
1866.5080  782.9180
1267.9320 1075.7260
1762.7870  395.0140
 389.6090  371.9540
1765.1950  462.5430
1828.4820  461.4850
1828.4820  461.4850
1826.2970  528.2490
1601.6320  553.7800
1825.4920  556.2630
1723.3080  660.1440
1666.8880  679.5750
1795.4950  681.2020
1837.8820  679.5120
1837.8820  679.5120
1631.4860  776.5140
1856.6350  493.4800
1787.6120  655.2830
1192.1230  678.2660
1765.3650  428.8970
1696.8060  517.3540
1794.3140  492.7750
1794.3140  492.7750
1487.4710 1051.6550
1745.5550  525.7860
1493.7600  777.2610
 950.6710  801.3690