1637.1190   13.0300
1637.1190   13.0300
1719.7660  103.5450
1731.4920  103.5800
1395.6160  170.5170
1395.6160  170.5170
1182.2290  209.4990
1395.7050  219.6620
1396.1720  262.3410
1760.7330  279.1370
1845.9920  264.1770
1845.9920  264.1770
1654.5610  338.2120
1666.7340  362.7220
1794.8920  377.3560
1794.8920  377.3560
1851.0600  371.3650
1854.4080  377.7340
1854.4080  377.7340
1117.5960  421.4140
1181.5290  426.4010
1269.5000  430.2330
1313.3330  432.4120
1399.0080  392.2600
1356.6390  434.5950
1823.4920  386.9230
1796.6270  422.2420
1803.9370  422.9080
1875.0210  428.2330
1642.4860  482.6740
1665.6220  483.5320
1734.1940  485.8670
1827.9870  488.6160
1839.9450  489.0390
1839.9450  489.0390
1212.1080  527.2270
1753.2440  519.3170
1743.0280  543.3160
1795.8840  531.7760
1795.8840  531.7760
1634.4500  591.1900
1630.5990  610.1900
1676.5780  619.7380
1262.6510 1206.8250
1268.1030 1201.0050
1347.6420  162.0710
1401.4970  178.6210
1536.7270  173.2480
1536.7270  173.2480
1359.7760  304.2950
1359.7760  304.2950
1689.4980  304.9620
1124.3340  363.2090
1398.4470  348.2780
1745.5500  324.2910
1745.5500  324.2910
1755.3340  331.4040
1837.7200  332.5690
1828.3140  381.8190
1122.8930  441.4030
1400.9920  436.0150
1781.4790  396.3440
1742.9200  423.3460
1742.9200  423.3460
1758.3590  444.9940
1758.3590  444.9940
1789.4370  418.2710
1873.9930  443.4510
1873.9930  443.4510
1902.8540  416.0460
1783.1110  465.6670
1681.3860  528.3160
1205.5420  629.4430
1670.1150  601.5530
1493.8120 1179.7020
1451.2080 1222.3690
1158.7430  292.7040
1657.5890  295.6790
1657.5890  295.6790
1703.1530  288.1290
1157.5500  379.8110
1764.0010  325.6010
1780.2870  326.8910
1755.2940  352.1350
1744.8320  361.6320
1792.4600  352.9560
1859.3530  327.9670
1902.2020  372.0210
1360.9560  388.6780
1360.9560  388.6780
1685.7990  437.7660
1810.7680  385.9570
1822.4010  411.8470
1840.4460  384.1480
1860.5650  408.9720
1786.9900  484.7480
1867.3750  488.2740
1200.7310  532.8090
1671.3940  552.4260
1783.9730  546.0240
1855.3660  547.7570
1112.7620  662.4830
1112.7620  662.4830
1423.1570  644.6230
1464.2470 1223.3070
1119.0780   94.7070
1129.6970  112.1420
1128.6180  148.7510
1172.5560  195.5230
1626.1700  275.9620
1791.5910  341.1370
1886.4800  330.3380
1900.7740  330.9440
1900.7740  330.9440
1890.4710  368.8080
1119.3370  383.2170
1259.2530  398.2150
1826.4040  400.7300
1871.1650  386.7010
1871.1650  386.7010
1875.1740  412.5320
1875.1740  412.5320
1893.4950  406.9790
1893.4950  406.9790
1347.5610  492.2790
1347.5610  492.2790
1803.5550  456.4190
1803.5550  456.4190
1706.2700  603.4200
1901.7510  606.6350
1395.1070  231.5120
1640.4870  255.4190
1409.1630  263.4500
1849.1180  306.0640
1770.1910  349.4940
1805.2760  338.2190
1869.9430  400.5630
1898.6710  394.8590
1879.6110  425.1500
1893.9650  456.9490
1800.1680  546.8950
1157.9460  588.0450
1004.6810  661.9500
1266.4290 1208.0270
1228.8180 1256.6280
1726.2940  302.5660
1822.5890  304.2800
1399.5040  367.5330
1850.0090  333.9730
1850.0090  333.9730
1866.7950  344.1910
1397.9220  413.0480
1792.5030  405.6860
1792.5030  405.6860
1776.6920  511.5740
1754.2650  532.9020
1812.6930  534.2670
1835.4360  512.7120
1875.7770  626.9010
1191.0360  886.3090
1371.9470  156.5650
1677.8910  319.9520
1875.5100  364.1620
1636.9210  414.7820
1812.3710  409.3270
1844.2790  420.4500
1694.0700  530.6570
1643.8180  314.4290
1137.5650  361.7380
1417.9340  388.3620
1812.4310  437.7680
1718.4630  504.9310
1806.1210  509.3570
1256.6880  517.4120
1659.6600  616.3360
1416.0340  209.8990
1825.6040  275.9790
1792.0860  303.4000
1129.9050  175.9100
1817.4410  362.0290
1817.4410  362.0290
1837.8640  409.3640
1261.3100  186.4240
1364.7680  195.1200
1870.9220  361.9310
1374.6420  392.3210
1771.2010  391.5010
1363.3240  576.6740
1456.0470  524.2980
1179.2360  630.8980