2039.9900  361.6580
1348.8410  391.3520
2053.6040  404.2400
1349.4990  484.3880
1440.4020  485.2600
1485.8480  485.7280
1995.0580  460.4600
2078.9670  465.2000
2109.0420  492.3380
1831.1190  528.5980
1896.6400  565.1380
1928.4970  529.9840
1926.8190  565.4940
2028.8640  531.0000
2012.7990  566.3990
1382.1850  588.5550
1890.5230  585.3770
1931.8370  591.4090
1937.3690  591.4620
1947.8020  586.4570
1993.8930  578.4340
1993.8930  578.4340
2000.3880  578.4820
2000.3880  578.4820
1822.8720  644.3940
1818.9130  664.6470
1838.0070  670.4090
1818.9090  673.3560
1867.3900  674.3770
1910.3470  120.8700
2047.9630  288.0560
2047.9630  288.0560
1957.5430  399.2950
1993.3720  411.8010
1993.3720  411.8010
2023.7170  421.5560
2029.0870  416.0990
2057.4510  410.9520
2057.4510  410.9520
1937.1900  463.2890
1937.1900  463.2890
1987.2220  456.4290
2002.8080  461.0020
2109.4150  451.3650
2078.3880  481.5590
2078.3880  481.5590
1848.2450  528.8550
1947.8130  565.3800
2041.2620  531.4040
2041.2620  531.4040
1471.6500  589.3580
1872.4150  576.4890
1717.8740  176.6990
1717.8740  176.6990
1324.5770  344.7130
1959.7920  356.6700
1977.3580  357.9010
2062.4640  356.7120
1324.2450  436.1280
1978.6100  432.7060
1990.3120  386.2170
2041.7980  395.0360
2042.4110  417.7200
2034.6610  429.2030
2034.6610  429.2030
2108.8360  403.2600
2063.7150  444.5080
1954.0410  485.6800
1954.0410  485.6800
1980.4330  507.5640
2071.1110  529.9230
1861.9670  602.4280
2057.9100  594.6820
1861.3420  654.9580
1711.0660 1024.5940
1337.5650  241.8680
1977.4810  358.0030
1995.9570  357.9370
2091.7750  358.4610
2107.5970  358.5740
2107.5970  358.5740
2026.7460  436.1190
2096.1200  400.0700
2075.3810  420.2000
2075.3810  420.2000
2099.3680  441.5580
1429.3960  451.7980
1429.3960  451.7980
2022.6210  448.4930
2027.3070  498.0420
2027.3070  498.0420
2079.5610  448.0000
2079.5610  448.0000
1430.8460  545.8970
1522.1140  547.5820
1522.1140  547.5820
1898.5810  656.4380
1989.9410  372.6230
2004.4780  369.1800
1997.9580  408.1970
1997.9580  408.1970
2074.1730  435.3830
2104.9430  428.2890
2002.3910  497.1350
2002.3910  497.1350
2083.3130  461.8440
1998.2410  594.5360
2025.8160  594.9080
1685.3010 1005.1350
2022.2890  332.4120
2050.9430  333.1430
2070.7390  374.0140
1990.7470  442.8120
1990.7470  442.8120
1974.3210  556.8930
2036.5620  557.0730
1468.6600  679.4230
2079.8470  680.5350
1500.7010  952.4250
1987.4920  299.2170
 754.2540  375.8570
1988.8990  366.0810
2052.4150  364.2830
2052.4150  364.2830
2048.1420  429.8940
1825.3110  456.0540
2046.2460  457.5620
1941.5750  560.0420
1885.5520  578.8690
2012.3420  580.6970
2053.8690  578.9130
2053.8690  578.9130
1848.5770  672.6200
2079.8490  395.6560
2005.1450  555.1370
1427.7390  576.6440
1990.0790  332.3630
1919.8390  419.7950
2017.3530  395.3090
2017.3530  395.3090
1693.3910  933.3160
1968.0320  428.1340
1710.9000  673.4460
1143.2640  718.4970