1654.5610  338.2120
1623.9590  371.8910
1666.7340  362.7220
1789.5440  375.8430
1876.8560  405.2140
1269.5000  430.2330
1313.3330  432.4120
1356.6390  434.5950
1796.6270  422.2420
1642.4860  482.6740
1665.6220  483.5320
1734.1940  485.8670
1827.9870  488.6160
1212.1080  527.2270
1491.1480  563.2110
1743.0280  543.3160
1815.3180  540.2350
1406.5400  614.0470
1668.5670  619.4700
1676.5780  619.7380
1396.8010 1119.3210
 317.0130  968.1550
 323.1860  960.9540
 323.1860  960.9540
 328.7710 1013.1330
 332.2580 1040.6170
1676.2710  298.5410
1676.2710  298.5410
1621.3800  390.1320
1794.8920  377.3560
1794.8920  377.3560
1788.6750  390.7950
1400.9920  436.0150
1742.9200  423.3460
1742.9200  423.3460
1789.4370  418.2710
1681.3860  528.3160
2372.3500  322.9630
2338.6880  353.4520
1301.7560 1144.1610
1460.1440 1137.3020
1110.2810 1094.4950
 308.5400  845.3750
 327.0380 1000.6040
1657.5890  295.6790
1657.5890  295.6790
1745.5500  324.2910
1745.5500  324.2910
1755.2940  352.1350
1685.7990  437.7660
1758.3590  444.9940
1758.3590  444.9940
1783.1110  465.6670
1640.6100  496.8220
1671.3940  552.4260
1112.7620  662.4830
1445.9190 1137.0710
1921.9520   94.3170
1744.8320  361.6320
1706.2700  603.4200
2375.0850  265.6920
1414.3750 1127.0020
1758.7230  394.0690
1803.5550  456.4190
1803.5550  456.4190
1200.1790  902.9260
1770.1910  349.4940
1792.5030  405.6860
1792.5030  405.6860
1776.6920  511.5740
1875.7770  626.9010
2365.8040  347.2370
1191.0360  886.3090
1382.3450 1141.4160
1421.2400 1144.8830
1636.9210  414.7820
1632.3080  454.2310
1812.3710  409.3270
1694.0700  530.6570
1812.6930  534.2670
1850.5260  532.8660
2379.0710   92.0880
1806.1210  509.3570
1256.6880  517.4120
1401.7350 1136.8150
1817.4410  362.0290
1817.4410  362.0290
1374.6420  392.3210
1771.2010  391.5010
1456.0470  524.2980
2336.8010  297.7310
1629.8380  347.7370