1334.6150  290.6820
1334.6150  290.6820
1335.7470  345.0950
1337.4570  391.9890
1730.6870  402.5240
1821.6700  384.7550
1821.6700  384.7550
1770.6800  509.3670
1770.6800  509.3670
1830.8580  502.1610
1834.8840  508.8100
1834.8840  508.8100
1801.6350  519.2390
1774.1640  558.5810
1781.8040  559.0820
1858.7250  563.5670
 919.5800  694.4740
1609.8450  627.8180
1708.7780  629.4550
1810.4820  630.6670
1822.9010  630.9470
1822.9010  630.9470
1776.7840  679.0040
1776.7840  679.0040
1281.9660  283.1690
1340.5330  299.2170
1486.5750  291.2540
1486.5750  291.2540
1299.0350  439.0150
1299.0350  439.0150
1654.8230  432.3540
1716.1270  452.1610
1716.1270  452.1610
1726.6880  459.5530
1815.3290  459.2190
1806.7320  513.6170
1757.0640  530.4520
1716.0220  561.0530
1716.0220  561.0530
1733.5340  584.1390
1733.5340  584.1390
1765.9470  554.3310
1857.9900  580.3850
1857.9900  580.3850
1888.1020  549.9640
 997.7220  694.3670
1760.8170  606.6690
1653.2560  677.4250
1644.0570  758.1720
1620.4650  422.2800
1753.3130  454.3640
1727.2140  482.5710
1767.0980  483.0980
1838.2090  453.8970
1885.5920  501.6290
1801.3310  546.5700
1820.2160  515.5250
1842.3100  542.7980
1766.5350  627.0840
1852.4940  629.7190
1764.4050  694.8660
1841.8630  695.3580
1044.2860  231.4280
1043.8000  274.1630
1586.7470  399.8020
1766.2820  469.4070
1867.1190  456.2490
1882.6680  456.6750
1882.6680  456.6750
1872.9080  498.6880
1805.1740  534.0130
1852.8390  518.3060
1852.8390  518.3060
1857.9480  546.4680
1857.9480  546.4680
1877.7770  540.3700
1877.7770  540.3700
1782.6540  595.9770
1782.6540  595.9770
1892.9600  759.5370
1021.0210  962.5110
1335.4850  357.7630
1743.1630  479.7190
1780.7850  465.9630
1852.3680  533.8380
1882.6280  526.7860
1863.1920  560.1890
1879.8840  595.0950
1781.6580  695.5700
1798.3180  429.3170
1828.4820  461.4850
1828.4820  461.4850
1846.7910  471.7640
1769.1520  540.6040
1769.1520  540.6040
1756.4070  656.8480
1732.4610  680.6810
1795.4950  681.2020
1818.7100  657.0750
1675.7190 1475.9260
1308.1130  276.3100
1856.6350  493.4800
1601.6320  553.7800
1790.2560  544.1970
1825.4920  556.2630
1790.5280  576.3230
1692.5380  651.5390
1631.4860  776.5140
1800.0430  398.8740
1765.3650  428.8970
1794.3140  492.7750
1794.3140  492.7750
1301.6470  318.5650
1316.8940  535.1430
1008.5790  907.8380
1745.5550  525.7860
1106.9270  826.1400