1843.9680  373.8510
1811.7490  408.8410
1856.5400  399.6540
1987.6510  410.5460
2082.0420  440.4360
1440.4020  485.2600
1485.8480  485.7280
1531.1210  486.1030
1995.0580  460.4600
1831.1190  528.5980
1855.6260  528.9470
1928.4970  529.9840
2028.8640  531.0000
1382.1850  588.5550
1668.6920  623.1390
1937.3690  591.4620
2015.1460  587.1110
1580.5260  677.6780
1858.7800  674.3520
1867.3900  674.3770
1584.7170 1182.5530
 236.3000 1439.9390
 241.5860 1433.3060
 241.5860 1433.3060
 249.7400 1485.0420
 254.5410 1512.9820
1866.4880  330.6300
1866.4880  330.6300
1809.7470  427.6280
1993.3720  411.8010
1993.3720  411.8010
1986.8530  426.3360
1577.4050  486.2100
1937.1900  463.2890
1937.1900  463.2890
1987.2220  456.4290
1872.4150  576.4890
2458.8080  735.8080
2418.0060  771.6780
1487.6970 1207.6920
1649.8780 1201.3990
1248.5230 1230.8680
 221.4200 1319.2400
 247.2830 1472.2880
1847.0520  327.8400
1847.0520  327.8400
1940.4410  356.2550
1940.4410  356.2550
1950.7790  385.9980
1876.6040  479.5220
1954.0410  485.6800
1954.0410  485.6800
1980.4330  507.5640
1829.0450  543.5620
1861.9670  602.4280
1264.8980  757.7490
1635.3010 1200.8200
2107.6450  145.0180
1940.3870  396.8480
1898.5810  656.4380
2462.2750  669.1900
1602.8830 1190.1900
1954.4000  430.8070
2002.3910  497.1350
2002.3910  497.1350
1344.3410 1024.9810
1966.8640  383.0080
1990.7470  442.8120
1990.7470  442.8120
1974.3210  556.8930
2079.8470  680.5350
2451.4750  764.5940
1334.3600 1008.6910
1570.1230 1205.1400
1609.9910 1209.2380
1825.3110  456.0540
1820.5420  497.6130
2011.9210  446.7170
1885.5520  578.8690
2012.3420  580.6970
2053.8690  578.9130
2467.5820  463.7830
2005.1450  555.1370
1427.7390  576.6440
1589.7630 1200.0110
2017.3530  395.3090
2017.3530  395.3090
1549.1900  442.7430
1968.0320  428.1340
1632.9850  579.9160
2415.8890  706.0300
1813.8930  383.6440