IM_01 IM_02 509
29 1922.764 119.813 3189 1731.492 103.580
44 1167.910 139.368 3187 1004.606 95.004
48 2163.508 152.975 3190 1975.388 100.918
49 2163.508 152.975 3191 1975.388 100.918
51 2143.752 177.982 3192 1957.569 122.927
53 2162.856 168.223 3193 1974.846 114.711
54 2162.856 168.223 3194 1974.846 114.711
86 1569.273 204.757 3225 1395.616 170.517
87 1569.273 204.757 3226 1395.616 170.517
92 2130.249 215.949 3233 1945.445 157.122
93 2130.249 215.949 3234 1945.445 157.122
94 2150.420 210.673 3235 1963.419 152.853
95 2150.258 216.303 3236 1963.138 158.158
116 890.538 278.416 4018 516.508 1710.615
118 1347.831 256.089 3268 1182.229 209.499
120 1569.650 257.428 3270 1395.705 219.662
155 1843.968 373.851 3326 1654.561 338.212
161 2039.990 361.658 4135 1837.720 332.569
191 1811.749 408.841 3327 1623.959 371.891
195 1856.540 399.654 3328 1666.734 362.722
201 1987.651 410.546 3329 1789.544 375.843
202 2053.604 404.240 3333 1851.060 371.365
204 2082.042 440.436 3362 1876.856 405.214
219 1440.402 485.260 3352 1269.500 430.233
220 1485.848 485.728 3353 1313.333 432.412
221 1531.121 486.103 3355 1356.639 434.595
222 1613.452 506.905 3379 1432.242 461.418
223 1613.452 506.905 3380 1432.242 461.418
225 1995.058 460.460 3359 1796.627 422.242
227 2078.967 465.200 3363 1875.021 428.233
236 167.273 517.863 3155 299.066 59.940
246 1831.119 528.598 3381 1642.486 482.674
247 1855.626 528.947 3384 1665.622 483.532
249 1928.497 529.984 3386 1734.194 485.867
251 2028.864 531.000 3389 1827.987 488.616
256 2455.703 537.854 3244 2368.193 154.919
257 2455.703 537.854 3245 2368.193 154.919
260 135.532 580.733 3174 262.284 119.588
261 136.643 592.733 3205 262.819 131.470
285 1349.891 580.245 3406 1180.906 518.466
287 1382.185 588.555 3407 1212.108 527.227
294 1668.692 623.139 3411 1491.148 563.211
295 1725.516 631.428 3412 1530.513 572.680
298 1803.410 603.759 3415 1615.238 557.184
302 1937.369 591.462 3418 1743.028 543.316
305 1993.893 578.434 3421 1795.884 531.776
306 1993.893 578.434 3420 1795.884 531.776
310 2015.146 587.111 3422 1815.318 540.235
311 2064.243 579.597 3424 1861.397 533.991
327 220.216 698.769 3255 341.604 239.610
328 420.560 640.127 4200 534.450 622.666
337 1582.018 658.807 3437 1408.027 593.258
338 1580.526 677.678 3439 1406.540 614.047
342 1822.872 644.394 3441 1634.450 591.190
343 1818.913 664.647 3443 1630.599 610.190
344 1836.854 653.675 3442 1647.087 599.838
346 1818.909 673.356 3444 1630.765 618.252
347 1802.959 702.198 3487 1611.676 651.639
348 1802.959 702.198 3488 1611.676 651.639
349 1833.474 673.875 3447 1644.322 618.784
351 1858.780 674.352 3448 1668.567 619.470
352 1867.390 674.377 3449 1676.578 619.738
357 2435.278 655.148 3281 2352.297 253.505
369 1576.966 737.864 3481 1403.584 667.598
373 1757.823 743.636 3486 1577.358 674.781
385 132.170 779.913 3286 246.680 314.466
386 132.170 779.913 3287 246.680 314.466
387 159.921 794.645 3312 275.745 328.951
404 1462.483 795.990 3517 1292.768 720.578
405 1557.336 769.706 3527 1559.282 704.840
406 1561.628 784.827 3518 1389.258 711.074
408 1562.880 809.935 3519 1390.148 735.280
410 1660.771 813.946 3525 1485.687 739.654
420 2455.132 807.798 3364 2369.907 384.282
425 141.914 874.894 3340 251.241 406.311
489 2053.575 908.989 3577 1859.554 827.897
490 2053.575 908.989 3576 1859.554 827.897
497 155.500 967.790 3368 260.381 497.134
498 157.244 981.399 3369 261.432 510.784
500 176.144 1022.053 4173 279.286 550.168
507 257.692 960.804 3373 365.785 492.192
509 434.313 995.858 4883 544.810 982.859
519 2130.721 997.347 3706 1889.613 1070.794
522 164.458 1032.887 3398 265.906 561.570
523 165.470 1038.454 3399 266.671 567.776
524 180.271 1041.654 4174 282.378 569.522
533 1339.422 1032.269 3637 1194.668 909.678
535 2028.327 1050.024 3639 1851.905 927.615
538 2055.570 1051.554 4452 1850.513 1155.579
539 2110.470 1041.301 3759 1871.662 1103.869
547 181.833 1108.013 3343 256.823 415.987
548 177.195 1111.673 3428 274.686 639.550
549 178.393 1119.207 3468 275.471 647.385
552 185.243 1137.876 3470 281.662 664.913
563 1052.599 1127.162 4439 856.544 1207.767
569 1792.854 1141.982 3698 1628.389 1024.083
576 2093.723 1096.103 3807 1856.477 1154.460
581 186.473 1180.380 3497 280.439 707.296
586 389.230 1194.668 3514 462.837 752.372
592 1584.717 1182.553 3750 1396.801 1119.321
596 2090.491 1181.517 4511 1897.291 1298.785
606 191.235 1224.276 3501 282.281 751.307
607 196.175 1227.413 3502 287.681 754.932
608 198.532 1244.457 3557 288.929 771.009
609 203.248 1264.307 4282 292.522 790.874
610 207.453 1268.236 3560 297.094 794.853
618 298.436 1264.740 4289 390.536 791.527
628 1239.383 1251.401 3741 1101.624 1114.170
629 1236.075 1259.530 3743 1098.509 1121.619
630 1223.116 1277.364 3740 1086.506 1137.896
632 1232.154 1269.725 3746 1094.722 1131.177
637 1963.265 1248.874 3755 1791.711 1119.643
638 1963.265 1248.874 3754 1791.711 1119.643
641 1992.503 1243.580 4484 1837.520 1273.979
642 1992.503 1243.580 4483 1837.520 1273.979
646 2052.378 1231.272 4416 1937.898 1105.653
649 2070.408 1261.420 4535 1879.008 1383.271
654 208.896 1283.323 3561 297.597 810.727
655 209.598 1301.350 4283 296.949 828.508
678 2368.705 1283.181 3578 2304.150 800.289
689 1372.109 1385.993 3831 1222.782 1260.734
690 1368.729 1392.494 3832 1219.658 1266.749
691 1373.639 1399.960 3833 1224.496 1274.319
692 1363.982 1402.283 3830 1215.181 1276.195
713 2546.259 1378.164 3623 2450.820 880.672
716 236.300 1439.939 3653 317.013 968.155
717 241.586 1433.306 4352 323.186 960.954
718 241.586 1433.306 4353 323.186 960.954
738 2375.486 1450.485 3648 2311.314 950.221
741 244.277 1485.984 3655 323.100 1014.816
742 249.740 1485.042 3656 328.771 1013.133
745 254.541 1512.982 4367 332.258 1040.617
752 1108.807 1515.442 3891 887.255 1407.599
771 254.429 1568.677 3719 329.079 1099.414
774 287.327 1571.308 3723 364.034 1101.427
798 2336.880 1593.227 3712 2280.865 1082.326
804 2553.757 1588.522 3718 2458.085 1068.757
829 2568.111 1617.602 3767 2469.667 1094.004
839 288.562 1703.834 3819 358.238 1236.938
847 950.705 1702.683 3942 800.708 1518.934
868 1821.307 27.532 3165 1637.119 13.030
869 1821.307 27.532 3166 1637.119 13.030
877 1910.347 120.870 3188 1719.766 103.545
888 2101.697 162.866 5718 1902.472 145.800
889 2170.797 156.415 4054 1982.042 104.090
891 2164.072 161.692 4053 1975.962 108.698
892 2173.752 167.651 3198 1984.595 114.687
893 2167.341 177.884 3195 1979.006 123.917
902 1429.347 241.744 4094 1261.525 199.040
904 1506.068 205.132 3224 1336.351 168.086
905 1532.213 198.396 4081 1359.571 162.503
907 1717.392 201.702 4083 1536.727 173.248
908 1717.392 201.702 4084 1536.727 173.248
941 1956.286 306.982 3303 1760.733 279.137
942 2047.963 288.056 3305 1845.992 264.177
943 2047.963 288.056 3306 1845.992 264.177
964 1866.488 330.630 4109 1676.271 298.541
965 1866.488 330.630 4110 1676.271 298.541
983 1809.747 427.628 4716 1621.380 390.132
985 1993.372 411.801 3331 1794.892 377.356
986 1993.372 411.801 3332 1794.892 377.356
987 1986.853 426.336 4146 1788.675 390.795
988 2023.717 421.556 3358 1823.492 386.923
989 2029.087 416.099 4136 1828.314 381.819
990 2057.451 410.952 3334 1854.408 377.734
991 2057.451 410.952 3335 1854.408 377.734
1015 1577.405 486.210 4144 1400.992 436.015
1016 1937.190 463.289 4148 1742.920 423.346
1017 1937.190 463.289 4149 1742.920 423.346
1019 1987.222 456.429 4152 1789.437 418.271
1020 2002.808 461.002 3360 1803.937 422.908
1021 2109.415 451.365 4156 1902.854 416.046
1022 2078.388 481.559 4154 1873.993 443.451
1023 2078.388 481.559 4155 1873.993 443.451
1030 127.194 564.847 4625 253.204 99.399
1038 1947.813 565.380 3417 1753.244 519.317
1039 2041.262 531.404 3390 1839.945 489.039
1040 2041.262 531.404 3391 1839.945 489.039
1041 2456.159 527.591 3243 2368.583 145.879
1043 106.323 605.600 4061 228.786 145.106
1052 206.269 596.543 4068 331.327 141.041
1058 615.576 634.558 4201 520.745 629.487
1059 898.691 602.839 4202 805.297 604.478
1075 1872.415 576.489 4190 1681.386 528.316
1076 2281.465 588.605 3241 2226.726 190.530
1077 2281.465 588.605 3242 2226.726 190.530
1078 2255.272 620.236 3276 2204.847 217.137
1080 2276.565 619.737 4098 2222.487 216.511
1081 2289.750 618.753 3277 2233.659 216.248
1082 2276.887 632.658 3278 2223.231 227.677
1084 2299.377 625.723 3279 2241.506 222.201
1085 2299.377 625.723 3280 2241.506 222.201
1095 1379.899 683.573 4208 1205.542 629.443
1096 1742.807 689.309 3438 1390.699 617.226
1100 124.474 767.029 4100 239.344 301.684
1107 1566.156 732.427 4224 1393.299 662.705
1111 1747.100 720.473 4226 1567.149 653.472
1115 2458.808 735.808 3338 2372.350 322.963
1126 260.722 810.429 3321 370.697 353.763
1134 1979.111 769.080 4230 1797.097 692.061
1139 2418.006 771.678 4137 2338.688 353.452
1146 830.147 884.692 3596 833.795 884.469
1149 1011.851 860.141 5277 703.566 918.054
1150 1101.901 838.042 5518 1004.681 661.950
1154 1383.090 838.442 4297 1206.768 775.084
1166 2451.574 850.492 4157 2367.551 421.031
1174 1329.813 947.341 4441 1204.388 1212.187
1182 2132.692 909.184 4888 1935.328 1015.166
1183 2408.650 946.267 3392 2332.979 503.532
1184 162.707 986.868 4170 267.002 515.605
1185 173.690 998.598 4171 277.976 527.166
1194 1361.095 998.018 3601 1215.322 879.014
1195 1361.095 998.018 3600 1215.322 879.014
1204 2442.209 979.256 4194 2361.291 531.933
1207 185.044 1081.813 4195 284.895 609.203
1220 191.531 1132.513 4221 288.364 659.801
1221 191.531 1132.513 4220 288.364 659.801
1241 200.859 1201.940 4240 294.305 729.040
1244 876.423 1182.343 4356 600.183 969.623
1248 1487.697 1207.692 4398 1301.756 1144.161
1249 1620.382 1199.800 4399 1431.830 1136.544
1250 1649.878 1201.399 4401 1460.144 1137.302
1252 1860.821 1162.705 3700 1693.441 1041.704
1261 2414.481 1197.564 3550 2340.941 723.630
1268 1243.806 1241.734 3742 1105.803 1104.784
1269 1248.523 1230.868 4396 1110.281 1094.495
1275 1671.191 1268.350 4448 1493.812 1179.702
1281 1880.638 1254.665 4407 1702.616 1148.763
1289 221.420 1319.240 4311 308.540 845.375
1296 1597.520 1292.506 4444 1421.022 1206.131
1297 1601.439 1309.730 4471 1426.616 1220.774
1298 1637.609 1293.253 4445 1460.378 1206.125
1299 1644.294 1300.595 4446 1466.865 1212.705
1300 1627.310 1312.057 4472 1451.208 1222.369
1305 1886.400 1342.539 3837 1707.345 1245.637
1315 2113.818 1310.114 4533 1880.230 1358.194
1319 2574.177 1337.081 4331 2473.403 843.281
1320 233.258 1386.045 4334 317.122 913.402
1343 2545.587 1366.702 4332 2449.390 870.902
1349 316.096 1453.223 3992 412.563 1663.078
1353 1155.550 1440.079 3827 1057.744 1233.629
1357 1976.608 1454.481 3838 1788.818 1236.777
1361 2327.075 1412.248 4348 2270.766 917.533
1365 247.283 1472.288 4354 327.038 1000.604
1372 896.591 1500.210 3973 792.433 1583.814
1384 2532.519 1530.806 4365 2440.191 1018.418
1385 2560.284 1501.045 3682 2463.382 989.816
1391 781.096 1556.367 3943 802.200 1531.073
1393 1976.699 1558.473 3903 1831.481 1359.307
1399 2557.248 1543.028 3716 2460.866 1027.875
1400 2555.357 1564.696 3717 2459.424 1047.181
1401 2529.430 1576.358 4391 2437.491 1058.520
1408 1173.487 1656.227 4547 1077.279 1443.715
1412 2073.753 1601.391 3906 1850.847 1393.017
1422 32.005 1673.598 3854 24.026 1303.597
1426 2035.154 1665.471 4552 1903.969 1426.874
1460 1417.057 203.996 4651 1248.854 163.544
1461 1519.431 198.151 4080 1347.642 162.071
1471 1621.346 283.176 4664 1443.765 247.611
1486 1324.577 344.713 4678 1158.743 292.704
1487 1532.949 348.441 4105 1359.776 304.295
1488 1532.949 348.441 4106 1359.776 304.295
1489 1847.052 327.840 4679 1657.589 295.679
1490 1847.052 327.840 4680 1657.589 295.679
1491 1888.341 329.371 4684 1697.005 297.835
1494 1940.441 356.255 4132 1745.550 324.291
1495 1940.441 356.255 4133 1745.550 324.291
1497 1959.792 356.670 4696 1764.001 325.601
1498 1977.358 357.901 4697 1780.287 326.891
1499 2062.464 356.712 4702 1859.353 327.967
1511 1324.245 436.128 4695 1157.550 379.811
1512 1950.779 385.998 4698 1755.294 352.135
1513 1978.610 432.706 4147 1781.479 396.344
1514 1990.312 386.217 4701 1792.460 352.956
1516 2042.411 417.720 4721 1840.446 384.148
1519 2108.836 403.260 4703 1902.202 372.021
1520 2063.715 444.508 4722 1860.565 408.972
1526 1876.604 479.522 4717 1685.799 437.766
1527 1954.041 485.680 4151 1758.359 444.994
1528 1954.041 485.680 4150 1758.359 444.994
1529 1980.433 507.564 4167 1783.111 465.667
1530 2069.977 453.922 4153 1866.496 418.108
1533 102.366 513.973 4616 228.700 56.720
1542 1829.045 543.562 4731 1640.610 496.822
1544 2071.111 529.923 4733 1867.375 488.274
1547 116.892 625.798 4642 239.067 164.443
1565 1861.967 602.428 4753 1671.394 552.426
1566 2057.910 594.682 4755 1855.366 547.757
1569 2303.161 633.123 4099 2244.997 228.366
1570 120.702 653.161 4643 241.518 190.370
1571 138.859 649.299 4644 260.878 187.452
1577 1374.115 690.660 4209 1200.383 635.554
1578 1564.416 656.249 4210 1391.149 590.848
1579 1742.993 660.599 4211 1562.745 598.108
1580 1861.342 654.958 4212 1670.115 601.553
1583 2275.825 680.234 4688 2222.028 268.255
1585 1264.898 757.749 4783 1112.762 662.483
1589 1746.119 750.506 4790 1566.359 680.850
1593 234.967 788.443 4691 350.900 324.707
1596 1145.893 819.167 5217 1093.839 740.445
1597 1573.439 774.482 4787 1400.707 701.413
1614 162.765 942.814 5158 270.241 473.400
1622 2022.454 942.340 4855 1835.102 859.737
1626 2360.295 957.783 4192 2292.547 513.898
1627 2447.371 904.397 4734 2364.438 466.911
1629 2443.280 954.045 4169 2362.204 509.921
1638 2111.078 971.214 4909 1912.914 1078.287
1647 2371.337 971.531 4193 2302.180 525.385
1649 182.200 1071.043 4758 282.756 598.802
1670 1635.301 1200.820 4400 1445.919 1137.071
1673 1664.787 1200.881 4925 1475.205 1136.779
1674 1679.828 1200.089 4924 1489.232 1135.834
1686 2398.844 1195.356 4816 2327.795 721.882
1705 2574.862 1234.744 4826 2471.789 755.925
1708 1071.229 1307.957 5016 894.436 1469.333
1711 1640.252 1313.539 4970 1464.247 1223.307
1713 1829.290 1342.791 5360 1649.911 1245.473
1726 991.608 1381.496 3738 929.736 1126.145
1727 991.608 1381.496 3737 929.736 1126.145
1729 986.392 1395.134 3736 925.397 1134.880
1730 1381.402 1368.958 4470 1231.449 1244.823
1739 2550.408 1386.527 4864 2454.445 888.475
1756 2539.136 1436.430 4350 2446.076 931.996
1758 2537.358 1460.537 4351 2444.448 953.707
1778 2326.590 1590.587 4389 2271.721 1080.785
1781 408.218 1652.090 4954 476.428 1190.110
1819 1283.711 134.701 5085 1119.078 94.707
1820 2107.645 145.018 5445 1921.952 94.317
1822 2145.022 166.954 5088 1959.080 113.282
1830 636.366 223.819 5489 404.706 447.615
1835 1337.565 241.868 5109 1172.556 195.523
1846 1569.901 269.255 5463 1395.107 231.512
1849 2484.247 269.336 5716 2381.488 92.418
1857 1427.779 331.777 5122 1258.589 284.216
1858 1427.779 331.777 5123 1258.589 284.216
1862 2091.775 358.461 5133 1886.480 330.338
1863 2107.597 358.574 5135 1900.774 330.944
1864 2107.597 358.574 5134 1900.774 330.944
1872 1940.387 396.848 4699 1744.832 361.632
1873 2026.746 436.119 5150 1826.404 400.730
1874 2059.788 401.545 5136 1857.278 369.034
1875 2096.120 400.070 5137 1890.471 368.808
1876 2075.381 420.200 5151 1871.165 386.701
1877 2075.381 420.200 5152 1871.165 386.701
1878 2094.771 418.673 4723 1889.284 386.229
1879 2099.368 441.558 5155 1893.495 406.979
1886 1429.396 451.798 5148 1259.253 398.215
1888 2022.621 448.493 4719 1822.401 411.847
1891 2079.561 448.000 5153 1875.174 412.532
1892 2079.561 448.000 5154 1875.174 412.532
1894 2475.939 464.197 5090 2384.279 92.179
1902 1522.114 547.582 5163 1347.561 492.279
1903 1522.114 547.582 5164 1347.561 492.279
1915 1742.079 635.135 5189 1560.242 577.205
1917 2094.543 635.382 5195 1889.710 586.056
1920 2283.398 625.864 4666 2228.519 222.148
1928 1898.581 656.438 5191 1706.270 603.420
1931 2462.275 669.190 4690 2375.085 265.692
1940 1074.877 784.534 5022 1987.068 1452.342
1950 2389.459 792.901 4704 2315.193 372.330
1951 912.563 872.357 5849 560.150 960.852
1963 2041.180 908.525 5245 1848.990 827.332
1967 2444.271 931.786 5167 2361.988 489.072
1971 266.737 997.030 4736 371.889 529.398
1989 2436.148 1028.388 5179 2356.195 574.309
1990 946.551 1135.672 5643 739.634 1233.752
1993 1053.376 1107.235 5629 857.965 1183.324
2012 1602.883 1190.190 5321 1414.375 1127.002
2041 2550.018 1268.519 4844 2453.046 783.909
2042 2569.260 1224.818 4824 2467.152 746.826
2047 1894.881 1341.719 4476 1713.412 1243.860
2055 1702.444 1379.459 4972 1530.627 1272.734
2071 2538.875 1420.447 4880 2445.476 918.359
2088 2526.271 1561.114 4913 2436.141 1044.791
2090 356.876 1629.491 5594 418.584 1044.976
2093 2397.811 1622.471 5296 2463.291 996.816
2097 368.864 1697.379 5357 441.080 1228.553
2102 2004.193 1667.696 5018 1874.755 1429.480
2106 137.587 165.326 3344 259.273 435.680
2128 598.743 306.224 5458 480.514 192.297
2131 1584.895 301.297 5469 1409.163 263.450
2132 1828.004 285.376 5464 1640.487 255.419
2140 1989.941 372.623 5132 1791.591 341.137
2141 2004.478 369.180 5482 1805.276 338.219
2143 2472.506 345.879 5138 2363.939 363.309
2149 867.425 388.059 5792 662.496 601.718
2153 1954.400 430.807 5149 1758.723 394.069
2156 2074.173 435.383 5486 1869.943 400.563
2157 2104.943 428.289 5487 1898.671 394.859
2160 180.715 505.608 5069 311.195 52.405
2165 2002.391 497.135 5165 1803.555 456.419
2166 2002.391 497.135 5166 1803.555 456.419
2167 2083.313 461.844 5488 1879.611 425.150
2178 625.590 594.588 5499 534.076 585.623
2182 888.101 601.943 5503 795.908 601.697
2193 1998.241 594.536 5497 1800.168 546.895
2198 207.323 666.037 5455 330.078 206.713
2204 2264.785 688.567 4689 2212.515 274.751
2216 2451.625 799.053 5141 2367.594 377.201
2221 1019.232 839.061 5825 714.832 889.204
2241 1314.771 986.808 5555 1172.968 862.672
2257 1344.341 1024.981 5579 1200.179 902.926
2265 1042.133 1114.898 5905 741.328 1255.046
2313 1074.136 1352.063 5937 884.694 1474.601
2314 1074.136 1352.063 5938 884.694 1474.601
2316 1370.306 1366.896 5610 1099.736 1092.382
2317 1370.306 1366.896 5611 1099.736 1092.382
2318 1378.461 1381.517 5646 1228.818 1256.628
2357 2528.867 1618.847 5625 2437.050 1098.169
2358 2522.906 1634.825 5335 2432.744 1112.676
2359 2552.631 1635.753 4945 2456.535 1112.259
2397 1281.355 282.229 5963 1116.189 230.820
2398 1281.355 282.229 5962 1116.189 230.820
2400 766.965 327.774 5771 676.898 565.686
2401 766.965 327.774 5772 676.898 565.686
2405 1919.077 334.299 5739 1726.294 302.566
2406 1966.864 383.008 5481 1770.191 349.494
2407 2022.289 332.412 5741 1822.589 304.280
2409 2070.739 374.014 5755 1866.795 344.191
2417 1574.142 412.912 5749 1399.504 367.533
2418 1990.747 442.812 5763 1792.503 405.686
2419 1990.747 442.812 5764 1792.503 405.686
2426 1974.321 556.893 5770 1776.692 511.574
2428 2036.562 557.073 5785 1835.436 512.712
2434 993.806 586.260 5480 928.453 381.042
2441 1321.457 660.850 5505 1157.946 588.045
2444 2079.847 680.535 5797 1875.777 626.901
2446 2298.268 640.982 5733 2240.985 235.479
2447 2296.430 679.509 5475 2239.792 267.385
2448 2296.430 679.509 5476 2239.792 267.385
2456 2451.475 764.594 5756 2365.804 347.237
2458 221.407 786.062 5747 337.900 322.129
2467 228.405 837.951 5748 342.449 372.086
2468 231.958 866.929 5761 345.579 400.214
2475 1205.771 839.977 5807 1053.638 741.987
2476 1205.771 839.977 5808 1053.638 741.987
2481 2021.817 866.450 5546 1831.970 786.972
2498 1331.187 956.340 5827 1187.904 835.737
2500 1500.701 952.425 5829 1318.349 868.854
2505 1334.360 1008.691 5828 1191.036 886.309
2534 1214.217 1211.705 5907 1205.065 1220.847
2538 1570.123 1205.140 5873 1382.345 1141.416
2539 1620.500 1193.747 5874 1432.512 1130.329
2540 1620.500 1193.747 5875 1432.512 1130.329
2541 1609.991 1209.238 5876 1421.240 1144.883
2559 1609.435 1285.069 5898 1432.779 1198.183
2573 1352.875 1347.640 5906 1205.065 1220.847
2575 1353.527 1398.596 5908 1205.999 1270.688
2608 2312.473 1600.362 5623 2259.685 1090.137
2609 2312.473 1600.362 5622 2259.685 1090.137
2611 2553.862 1606.055 5606 2458.554 1086.069
2623 2124.698 149.844 5946 1940.492 97.201
2634 1508.791 191.064 6095 1335.528 151.812
2635 1544.760 192.117 5953 1371.947 156.565
2644 1987.492 299.217 5968 1787.952 272.571
2652 1868.067 353.339 5976 1677.891 319.952
2655 2052.415 364.283 5752 1850.009 333.973
2656 2052.415 364.283 5751 1850.009 333.973
2663 1825.311 456.054 5982 1636.921 414.782
2664 1820.542 497.613 5987 1632.308 454.231
2665 2011.921 446.717 5983 1812.371 409.327
2666 2046.246 457.562 5984 1844.279 420.450
2667 1912.239 551.933 6113 1718.463 504.931
2669 2066.681 560.820 5787 1863.338 516.538
2679 777.867 580.729 6138 577.770 936.183
2684 1885.552 578.869 5988 1694.070 530.657
2685 2012.342 580.697 5783 1812.693 534.267
2686 2053.869 578.913 5990 1850.526 532.866
2692 1848.577 672.620 6123 1659.660 616.336
2805 1838.999 306.794 6104 1649.473 274.984
2809 1832.009 347.450 6105 1643.818 314.429
2812 1596.211 430.687 6110 1417.934 388.362
2813 2079.849 395.656 5977 1875.510 364.162
2818 2467.582 463.783 5947 2379.071 92.088
2823 2005.145 555.137 6114 1806.121 509.357
2824 1427.739 576.644 6119 1256.688 517.412
2839 2445.333 858.590 5498 2358.890 533.009
2857 1589.763 1200.011 6149 1401.735 1136.815
2885 2306.555 1624.178 6152 2256.056 1113.695
2893 1591.594 244.621 6192 1416.034 209.899
2902 1990.079 332.363 6198 1792.086 303.400
2927 455.313 1012.514 6142 560.832 994.492
2935 2346.020 1174.157 6131 2283.452 706.298
2944 1678.235 1366.792 6218 1509.448 1260.274
2964 2017.353 395.309 6236 1817.441 362.029
2965 2017.353 395.309 6237 1817.441 362.029
2968 2038.682 445.461 6238 1837.864 409.364
2991 1544.336 1239.600 6155 1367.559 1168.809
2994 2345.512 1236.723 6243 2288.373 765.064
2999 1841.144 1437.001 6261 1672.422 1312.183
3012 1300.165 225.322 6230 1129.905 175.910
3013 1427.974 227.689 6269 1261.310 186.424
3014 1242.592 254.373 6270 1076.450 208.661
3026 158.630 640.599 6265 281.143 185.199
3027 158.630 640.599 6266 281.143 185.199
3052 1311.186 230.227 6302 1144.735 183.964
3053 1537.330 232.587 6271 1364.768 195.120
3055 1931.544 329.084 6306 1736.958 300.105
3057 1549.190 442.743 6276 1374.642 392.321
3058 1968.032 428.134 6307 1771.201 391.501
3070 2479.148 1013.298 6310 2398.845 557.917
3084 1534.148 644.329 6327 1363.324 576.674
3105 622.506 1320.329 6314 642.852 938.932
3112 1632.985 579.916 6348 1456.047 524.298
3113 1710.900 673.446 6351 1529.999 607.934
3114 2415.889 706.030 6325 2336.801 297.731
3116 1524.025 835.952 6353 1347.495 759.503
3129 327.868 1017.249 6350 418.959 585.509
3141 1813.893 383.644 6387 1629.838 347.737
IM_01 IM_03 620
13 1292.426 16.599 6398 1041.542 88.638
14 1303.788 41.945 7088 1054.072 115.422
28 1712.079 124.842 6419 1480.909 211.941
29 1922.764 119.813 7110 1694.916 214.005
30 2115.296 116.381 6421 1883.945 214.939
31 2119.980 119.396 6425 1888.999 218.561
32 2119.980 119.396 6426 1888.999 218.561
44 1167.910 139.368 6418 908.014 213.785
48 2163.508 152.975 6431 1988.541 243.664
49 2163.508 152.975 6432 1988.541 243.664
50 2136.185 171.681 6465 1962.017 261.757
51 2143.752 177.982 7136 1969.486 268.239
52 2151.688 171.817 6466 1977.257 262.387
53 2162.856 168.223 6473 1988.182 259.243
54 2162.856 168.223 6474 1988.182 259.243
57 2178.604 176.403 6476 2003.601 267.804
68 400.329 222.783 7956 2374.781 27.932
69 430.939 203.722 6405 183.165 171.893
78 1366.654 198.211 6450 1215.614 281.669
80 1379.480 203.089 6452 1229.093 286.818
83 1507.388 199.517 7128 1270.178 283.500
86 1569.273 204.757 6456 1334.615 290.682
87 1569.273 204.757 6457 1334.615 290.682
92 2130.249 215.949 6470 1957.014 306.648
93 2130.249 215.949 6471 1957.014 306.648
94 2150.420 210.673 6469 1977.036 302.018
95 2150.258 216.303 6472 1976.940 307.520
109 420.778 268.745 7104 169.885 256.016
110 424.378 264.077 7103 175.134 250.101
111 424.378 264.077 7102 175.134 250.101
113 665.202 275.777 7123 467.230 294.828
119 1480.691 257.006 6495 1243.204 343.021
120 1569.650 257.428 7149 1335.747 345.095
121 1570.749 302.804 6528 1337.457 391.989
122 1903.432 286.713 6497 1677.113 381.065
145 482.289 365.708 7144 98.195 348.684
150 789.757 353.390 6509 605.242 401.584
155 1843.968 373.851 6554 1618.324 469.011
156 1910.668 340.522 6530 1685.590 435.807
157 1938.767 370.501 6558 1714.622 466.757
159 1977.210 376.007 6561 1753.439 472.565
161 2039.990 361.658 7193 1815.329 459.219
178 630.956 394.631 7172 427.971 439.683
181 693.189 401.239 7187 500.368 453.078
183 898.123 391.391 6543 718.400 454.653
185 1348.841 391.352 6551 1106.604 481.683
189 1650.671 408.591 6655 1431.377 702.904
191 1811.749 408.841 6695 1582.554 705.116
192 1847.360 406.665 6555 1623.216 502.579
193 1847.360 406.665 6556 1623.216 502.579
194 1840.657 437.581 6579 1616.964 534.193
195 1856.540 399.654 6557 1631.785 495.615
196 1901.692 399.161 6560 1678.431 495.190
197 1901.692 399.161 6559 1678.431 495.190
198 1882.852 430.205 6580 1659.496 526.949
200 1856.395 437.693 6581 1632.796 534.392
202 2053.604 404.240 6567 1830.858 502.161
204 2082.042 440.436 6586 1860.956 539.192
215 958.011 455.416 7197 778.400 532.160
217 1303.562 484.956 6595 1059.770 580.194
218 1349.499 484.388 6598 1108.740 579.606
219 1440.402 485.260 6607 1204.851 580.902
220 1485.848 485.728 6608 1252.487 581.754
221 1531.121 486.103 6611 1299.499 582.830
222 1613.452 506.905 6616 1380.800 604.855
223 1613.452 506.905 6617 1380.800 604.855
225 1995.058 460.460 6583 1774.164 558.581
227 2078.967 465.200 7207 1858.725 563.567
228 2109.042 492.338 6623 1889.218 591.306
240 372.103 564.041 7228 103.577 649.418
241 1008.679 560.852 6635 827.485 656.677
242 1008.679 560.852 6636 827.485 656.677
246 1831.119 528.598 6618 1609.845 627.818
247 1855.626 528.947 6619 1634.493 628.114
248 1896.640 565.138 6658 1677.659 665.377
249 1928.497 529.984 6621 1708.778 629.455
250 1926.819 565.494 6659 1708.428 665.758
251 2028.864 531.000 7221 1810.482 630.667
252 2012.799 566.399 6669 1795.105 666.646
271 451.631 576.168 7231 208.226 667.740
276 649.859 596.058 7237 449.581 695.918
277 649.859 596.058 7238 449.581 695.918
278 884.773 614.715 7254 705.643 719.734
279 884.773 614.715 7253 705.643 719.734
280 904.520 618.694 6680 725.204 724.745
283 1303.854 579.877 6640 1061.757 680.787
284 1327.294 609.396 6686 1088.617 712.319
286 1346.477 600.806 6642 1105.356 703.058
287 1382.185 588.555 6644 1144.765 690.029
289 1426.405 601.460 6648 1184.005 703.599
293 1574.116 608.069 6689 1349.859 710.525
294 1668.692 623.139 7262 1450.162 726.436
295 1725.516 631.428 6693 1509.959 734.392
299 1890.523 585.377 6660 1672.264 686.379
301 1931.837 591.409 6661 1713.895 692.546
302 1937.369 591.462 6662 1720.109 692.489
303 1947.802 586.457 6663 1730.572 687.325
305 1993.893 578.434 6665 1776.784 679.004
306 1993.893 578.434 6666 1776.784 679.004
307 2000.388 578.482 6667 1783.321 679.076
308 2000.388 578.482 6668 1783.321 679.076
328 420.560 640.127 7678 168.447 752.383
342 1822.872 644.394 6697 1604.468 747.444
343 1818.913 664.647 6711 1600.689 768.515
345 1838.007 670.409 6713 1620.654 774.028
346 1818.909 673.356 6712 1601.298 777.386
347 1802.959 702.198 6709 1579.099 807.095
348 1802.959 702.198 6710 1579.099 807.095
352 1867.390 674.377 6714 1650.863 778.172
369 1576.966 737.864 6727 1359.071 847.032
370 1752.540 734.238 6731 1542.996 841.989
371 1752.540 734.238 6732 1542.996 841.989
372 1751.980 743.974 6733 1543.005 852.111
373 1757.823 743.636 6734 1548.618 851.288
404 1462.483 795.990 7308 1239.439 910.997
405 1557.336 769.706 6730 1530.581 885.955
408 1562.880 809.935 6766 1347.195 924.171
409 1558.285 824.081 6764 1342.747 938.948
410 1660.771 813.946 6767 1450.175 926.954
413 1958.394 817.315 6773 1764.497 928.048
437 729.482 866.470 6814 546.617 1035.383
438 742.326 888.681 7338 560.891 1061.710
439 872.802 845.099 6784 699.425 998.007
442 1297.365 882.462 6787 1071.543 1006.530
443 1405.235 856.745 7326 1171.215 974.583
444 1422.601 857.493 6793 1188.454 975.184
445 1466.351 894.026 6796 1241.950 1014.607
470 686.955 912.436 6848 498.745 1097.370
471 689.269 917.811 7360 502.296 1103.616
472 689.269 917.811 7361 502.296 1103.616
474 688.557 924.210 7362 501.258 1111.975
484 1431.250 906.853 6823 1210.972 1029.824
486 1426.415 918.617 6826 1206.746 1043.358
489 2053.575 908.989 6798 1862.980 1019.910
490 2053.575 908.989 6799 1862.980 1019.910
510 511.888 972.794 7381 290.689 1195.364
512 1351.627 999.599 6855 1153.975 1138.197
513 1344.514 1013.634 6873 1146.991 1154.003
530 428.124 1043.728 7424 182.615 1304.790
531 428.124 1043.728 7425 182.615 1304.790
532 449.947 1040.446 7426 212.806 1296.140
533 1339.422 1032.269 6874 1141.618 1173.796
561 744.478 1089.426 6917 569.216 1316.417
569 1792.854 1141.982 6903 1626.118 1277.446
572 2032.426 1109.115 7809 1882.591 1235.036
586 389.230 1194.668 7883 132.319 1524.347
592 1584.717 1182.553 6921 1359.454 1313.348
619 329.233 1230.537 7905 47.392 1593.295
620 329.233 1230.537 7904 47.392 1593.295
621 322.446 1234.269 7519 37.144 1598.573
625 737.435 1238.937 6993 565.799 1508.487
628 1239.383 1251.401 6960 1044.277 1422.972
629 1236.075 1259.530 6963 1040.886 1432.375
630 1223.116 1277.364 7479 1027.430 1452.833
631 1228.572 1278.499 6964 1033.600 1453.085
632 1232.154 1269.725 7478 1037.153 1444.126
642 1992.503 1243.580 7463 1845.778 1379.314
648 2073.435 1239.183 7511 1841.573 1527.082
663 1635.407 1299.649 6976 1433.618 1441.694
673 1993.659 1329.920 7893 1862.464 1477.540
687 1005.557 1384.956 7543 854.671 1634.746
690 1368.729 1392.494 7021 1180.663 1568.234
691 1373.639 1399.960 7022 1185.773 1575.801
692 1363.982 1402.283 7523 1176.042 1579.640
699 2016.124 1359.206 7513 1902.528 1511.029
703 2021.857 1400.750 7910 1918.156 1560.196
729 1845.662 1421.752 7026 1687.732 1573.068
731 1908.111 1455.389 7046 1758.721 1607.476
755 1989.736 1498.666 7075 1890.598 1666.611
794 2080.697 1548.719 7357 2185.953 1060.579
866 1304.019 16.189 7569 1056.703 88.775
868 1821.307 27.532 7090 1590.894 116.832
869 1821.307 27.532 7091 1590.894 116.832
876 876.590 89.401 7087 660.881 115.246
877 1910.347 120.870 6420 1682.308 212.809
887 351.920 152.630 7957 76.571 89.150
889 2170.797 156.415 7112 1995.617 247.361
890 2164.072 161.692 7113 1989.342 252.225
891 2164.072 161.692 7114 1989.342 252.225
892 2173.752 167.651 7139 1999.016 258.777
893 2167.341 177.884 7140 1993.199 269.139
906 1568.464 213.064 7130 1333.535 299.479
907 1717.392 201.702 7587 1486.575 291.254
908 1717.392 201.702 7588 1486.575 291.254
909 1816.163 229.748 7150 1587.731 321.710
910 1816.163 229.748 7151 1587.731 321.710
925 411.412 261.235 7574 157.823 244.549
926 417.637 262.527 7576 166.084 247.476
927 417.637 262.527 7575 166.084 247.476
928 610.974 312.203 7597 405.270 335.278
929 685.043 260.009 7581 493.029 276.670
930 828.133 295.366 7598 645.112 335.306
932 825.280 311.058 7148 641.919 352.871
941 1956.286 306.982 6531 1730.687 402.524
942 2047.963 288.056 6534 1821.670 384.755
943 2047.963 288.056 6535 1821.670 384.755
944 2063.587 294.795 7623 1862.884 392.920
945 2135.077 289.579 7159 1910.648 383.899
961 764.987 349.258 7173 578.732 395.215
962 764.987 349.258 7174 578.732 395.215
966 1889.693 338.647 7181 1664.719 433.791
977 973.257 399.153 7189 793.331 468.549
979 980.789 408.100 7190 800.717 478.454
984 1957.543 399.295 7192 1734.258 496.281
985 1993.372 411.801 6563 1770.680 509.367
986 1993.372 411.801 6564 1770.680 509.367
988 2023.717 421.556 7206 1801.635 519.239
989 2029.087 416.099 7648 1806.732 513.617
990 2057.451 410.952 7194 1834.884 508.810
991 2057.451 410.952 7195 1834.884 508.810
1015 1577.405 486.210 7216 1347.610 582.989
1016 1937.190 463.289 7199 1716.022 561.053
1017 1937.190 463.289 7200 1716.022 561.053
1018 1971.998 450.115 7203 1750.237 547.886
1019 1987.222 456.429 7204 1765.947 554.331
1020 2002.808 461.002 7205 1781.804 559.082
1021 2109.415 451.365 7208 1888.102 549.964
1022 2078.388 481.559 7226 1857.990 580.385
1023 2078.388 481.559 7227 1857.990 580.385
1035 1807.172 515.445 7656 1584.415 614.671
1036 1848.245 528.855 7218 1627.389 628.099
1038 1947.813 565.380 7249 1730.069 665.687
1039 2041.262 531.404 7222 1822.901 630.947
1040 2041.262 531.404 7223 1822.901 630.947
1054 446.305 590.237 7665 201.479 686.214
1055 455.747 581.474 7666 213.449 674.853
1056 455.747 581.474 7667 213.449 674.853
1057 463.200 582.388 7668 222.976 675.818
1059 898.691 602.839 7252 719.449 706.606
1068 1471.650 589.358 7245 1239.823 690.848
1072 1669.101 607.314 7690 1448.946 710.481
1073 1684.439 598.239 7674 1467.551 699.706
1074 1769.117 633.880 7263 1555.719 737.509
1075 1872.415 576.489 7247 1653.256 677.425
1095 1379.899 683.573 7268 1138.958 790.945
1096 1742.807 689.309 7275 1530.674 794.874
1107 1566.156 732.427 7282 1347.426 841.775
1127 569.404 782.216 7725 357.125 937.776
1153 1343.605 865.349 7325 1120.504 987.268
1172 1187.245 902.043 7341 957.918 1032.135
1194 1361.095 998.018 7366 1163.451 1135.962
1195 1361.095 998.018 7367 1163.451 1135.962
1225 1874.793 1106.466 7406 1700.054 1234.573
1226 1874.793 1106.466 7407 1700.054 1234.573
1228 1890.189 1111.608 7409 1718.844 1239.573
1232 2087.800 1095.692 7792 1906.849 1173.902
1244 876.423 1182.343 7474 714.781 1411.151
1247 1211.417 1202.099 7448 1013.859 1369.954
1249 1620.382 1199.800 7428 1397.587 1330.450
1250 1649.878 1201.399 7830 1428.491 1330.956
1264 337.544 1239.171 8257 60.390 1605.024
1268 1243.806 1241.734 7477 1048.675 1411.987
1269 1248.523 1230.868 7449 1053.125 1399.581
1271 1583.780 1222.917 7450 1362.669 1356.949
1275 1671.191 1268.350 7452 1471.909 1407.467
1277 1883.038 1218.306 7455 1706.155 1351.320
1279 1881.289 1243.620 7457 1704.842 1377.624
1280 1886.414 1249.658 7458 1710.328 1383.372
1281 1880.638 1254.665 7459 1704.293 1388.984
1282 1880.638 1254.665 7460 1704.293 1388.984
1296 1597.520 1292.506 7480 1392.983 1435.475
1297 1601.439 1309.730 7864 1399.532 1454.446
1298 1637.609 1293.253 7481 1436.119 1434.743
1299 1644.294 1300.595 7483 1443.541 1442.475
1300 1627.310 1312.057 7482 1427.309 1455.776
1301 1663.520 1339.978 7500 1479.457 1489.559
1311 2105.946 1308.419 8222 2030.033 1460.960
1328 567.707 1363.069 7944 368.835 1712.366
1330 991.450 1381.971 7926 835.947 1649.820
1333 1703.423 1365.526 7501 1522.430 1513.213
1351 1148.536 1424.324 7546 992.797 1649.466
1366 305.785 1480.371 6393 2319.575 57.694
1412 2073.753 1601.391 7560 1864.515 1679.932
1431 1285.246 43.356 7570 1034.794 116.448
1435 870.082 78.918 7958 652.918 99.889
1439 748.293 129.125 7972 526.062 145.472
1441 1717.874 176.699 7585 1487.029 266.654
1442 1717.874 176.699 7586 1487.029 266.654
1453 401.089 237.251 7975 143.979 210.863
1454 500.284 207.126 7971 270.389 185.594
1461 1519.431 198.151 7129 1281.966 283.169
1477 640.925 331.057 8000 440.397 361.484
1478 640.925 331.057 7999 440.397 361.484
1481 782.128 348.061 7611 597.225 394.990
1483 870.177 374.589 8010 568.326 390.506
1484 892.366 373.255 7616 712.581 433.905
1486 1324.577 344.713 7617 1080.420 432.077
1487 1532.949 348.441 7618 1299.035 439.015
1488 1532.949 348.441 7619 1299.035 439.015
1489 1847.052 327.840 7620 1620.424 422.126
1490 1847.052 327.840 7621 1620.424 422.126
1493 1889.101 338.611 7622 1663.701 433.614
1494 1940.441 356.255 7631 1716.127 452.161
1495 1940.441 356.255 7632 1716.127 452.161
1496 1940.217 369.964 7634 1716.201 466.058
1497 1959.792 356.670 7637 1735.639 452.875
1498 1977.358 357.901 7638 1753.313 454.364
1499 2062.464 356.712 7640 1838.209 453.897
1511 1324.245 436.128 7646 1081.321 528.527
1512 1950.779 385.998 7635 1727.214 482.571
1513 1978.610 432.706 7201 1757.064 530.452
1514 1990.312 386.217 7639 1767.098 483.098
1515 2041.798 395.036 7641 1818.627 492.605
1516 2042.411 417.720 7649 1820.216 515.525
1517 2034.661 429.203 7651 1813.081 527.204
1518 2034.661 429.203 7650 1813.081 527.204
1519 2108.836 403.260 7642 1885.592 501.629
1520 2063.715 444.508 7652 1842.310 542.798
1526 1876.604 479.522 7657 1654.672 577.435
1527 1954.041 485.680 7659 1733.534 584.139
1528 1954.041 485.680 7660 1733.534 584.139
1529 1980.433 507.564 7661 1760.817 606.669
1536 379.936 569.150 8057 113.774 656.563
1537 442.351 559.818 8058 196.531 646.009
1538 642.637 572.582 7669 440.945 666.586
1543 1873.881 527.266 7658 1652.883 626.615
1544 2071.111 529.923 7663 1852.494 629.719
1548 875.956 606.320 7681 696.283 710.930
1549 875.956 606.320 7680 696.283 710.930
1550 980.477 623.034 7682 801.972 730.466
1553 1298.295 632.236 7688 1062.922 735.722
1555 1488.118 605.836 8348 1254.802 712.070
1557 1674.631 613.841 7691 1454.938 717.278
1558 1676.909 623.702 7693 1458.991 726.693
1560 1754.202 617.122 7697 1538.384 718.928
1561 1749.988 625.677 7694 1535.240 728.450
1562 1749.988 625.677 7695 1535.240 728.450
1563 1759.643 624.661 7699 1545.050 727.453
1564 1760.896 610.924 7698 1544.973 712.673
1565 1861.967 602.428 7675 1643.230 703.914
1566 2057.910 594.682 7676 1841.863 695.358
1576 1325.716 679.459 7705 1090.486 785.941
1577 1374.115 690.660 7267 1133.958 797.465
1578 1564.416 656.249 7689 1342.511 760.993
1579 1742.993 660.599 7696 1529.955 765.213
1580 1861.342 654.958 7700 1644.057 758.172
1581 1984.368 687.015 8354 1780.521 793.239
1585 1264.898 757.749 6722 1043.191 871.788
1588 1747.032 728.993 7718 1537.103 836.934
1589 1746.119 750.506 7719 1537.126 858.720
1596 1145.893 819.167 8379 1021.021 962.511
1609 831.644 893.137 7759 657.828 1060.025
1611 1353.034 893.221 8115 1127.700 1015.991
1616 679.651 907.044 8135 490.642 1090.678
1651 1711.066 1024.594 7790 1529.050 1152.896
1663 1919.047 1127.521 8161 1754.075 1256.579
1667 390.526 1186.618 8230 134.008 1513.236
1670 1635.301 1200.820 7829 1413.005 1330.970
1671 1673.539 1162.135 8177 1451.730 1287.896
1673 1664.787 1200.881 7831 1444.010 1330.001
1674 1679.828 1200.089 7832 1459.571 1328.597
1693 1741.405 1253.184 7847 1546.145 1388.646
1694 1780.266 1268.642 8199 1587.981 1404.861
1710 1586.505 1301.324 7863 1381.542 1445.111
1711 1640.252 1313.539 8214 1441.542 1457.020
1715 2002.479 1319.823 8216 1874.614 1464.810
1730 1381.402 1368.958 7907 1193.099 1541.258
1762 1930.648 1527.375 8265 1804.092 1690.940
1763 1930.648 1527.375 8266 1804.092 1690.940
1774 778.767 1539.731 8232 559.115 1501.984
1807 1295.850 33.440 7960 1045.709 105.157
1815 374.260 154.628 8268 107.298 95.570
1819 1283.711 134.701 7981 1032.494 211.923
1822 2145.022 166.954 7993 1970.878 257.317
1826 413.964 194.345 8271 160.776 156.420
1835 1337.565 241.868 8002 1093.028 324.360
1836 2162.926 193.436 7994 1988.963 284.362
1846 1569.901 269.255 8297 1335.485 357.763
1859 1940.456 369.903 8024 1716.354 466.143
1860 1977.481 358.003 8026 1753.421 454.463
1861 1995.957 357.937 8027 1771.689 454.546
1862 2091.775 358.461 8029 1867.119 456.249
1863 2107.597 358.574 8030 1882.668 456.675
1864 2107.597 358.574 8031 1882.668 456.675
1871 826.304 425.877 8022 645.901 492.223
1872 1940.387 396.848 8025 1716.772 493.189
1873 2026.746 436.119 8044 1805.174 534.013
1875 2096.120 400.070 8032 1872.908 498.688
1876 2075.381 420.200 8045 1852.839 518.306
1877 2075.381 420.200 8046 1852.839 518.306
1879 2099.368 441.558 8048 1877.777 540.370
1886 1429.396 451.798 8037 1192.772 545.947
1887 1429.396 451.798 8038 1192.772 545.947
1888 2022.621 448.493 8047 1801.331 546.570
1889 2027.307 498.042 8055 1807.562 597.070
1890 2027.307 498.042 8056 1807.562 597.070
1891 2079.561 448.000 8050 1857.948 546.468
1892 2079.561 448.000 8051 1857.948 546.468
1897 402.276 558.129 8330 144.048 642.318
1899 1338.739 545.578 8060 1098.258 644.433
1900 1338.739 545.578 8061 1098.258 644.433
1901 1430.846 545.897 8062 1195.705 645.132
1902 1522.114 547.582 8063 1291.313 646.984
1903 1522.114 547.582 8064 1291.313 646.984
1909 792.831 592.238 8335 608.917 693.020
1915 1742.079 635.135 8075 1527.346 738.654
1922 400.389 648.827 8338 141.965 764.642
1926 1560.335 698.329 8082 1528.282 809.155
1928 1898.581 656.438 8076 1682.246 759.389
1937 1569.453 704.248 8081 1349.755 812.153
1959 499.443 954.900 8411 274.604 1172.404
1989 2436.148 1028.388 7679 384.867 724.973
1990 946.551 1135.672 7745 838.829 1007.008
1991 946.551 1135.672 7746 838.829 1007.008
2012 1602.883 1190.190 8176 1378.802 1320.594
2026 1740.345 1262.803 8197 1545.547 1398.889
2027 1755.922 1266.680 8198 1561.285 1402.706
2028 1824.552 1266.795 8470 1633.364 1398.943
2044 1069.998 1322.633 8174 875.883 1286.079
2046 1617.144 1298.719 8488 1414.651 1441.338
2055 1702.444 1379.459 8236 1521.271 1528.881
2090 356.876 1629.491 7473 2304.021 1400.317
2125 433.231 269.134 8549 186.114 257.615
2127 457.445 287.993 8283 217.774 285.617
2130 634.396 302.013 8557 432.810 325.351
2131 1584.895 301.297 8308 1350.596 391.545
2132 1828.004 285.376 8560 1600.614 378.915
2140 1989.941 372.623 8314 1766.282 469.407
2141 2004.478 369.180 8315 1780.785 465.963
2152 1821.346 403.305 8313 1596.405 499.141
2154 1997.958 408.197 8316 1775.671 505.618
2155 1997.958 408.197 8317 1775.671 505.618
2156 2074.173 435.383 8322 1852.368 533.838
2157 2104.943 428.289 8323 1882.628 526.786
2161 951.229 450.879 8319 771.961 527.295
2164 1903.732 490.631 8326 1682.282 588.961
2165 2002.391 497.135 8327 1782.654 595.977
2166 2002.391 497.135 8328 1782.654 595.977
2167 2083.313 461.844 8324 1863.192 560.189
2170 446.078 573.177 8586 200.946 664.209
2176 609.456 579.669 8587 402.022 675.387
2177 609.456 579.669 8588 402.022 675.387
2178 625.590 594.588 8589 422.152 694.108
2181 779.516 612.825 8820 424.672 697.322
2193 1998.241 594.536 8595 1781.658 695.570
2194 2025.816 594.908 8597 1808.814 695.892
2211 1354.737 825.383 8099 1133.954 944.252
2218 802.116 891.871 8649 624.829 1060.792
2241 1314.771 986.808 8664 1116.017 1126.237
2242 1350.657 978.853 8398 1152.503 1115.120
2243 1359.566 994.358 8400 1161.032 1133.329
2246 1685.301 1005.135 8402 1495.771 1131.225
2248 1764.370 1017.602 8403 1586.285 1144.788
2255 1050.191 1082.502 8908 692.046 1386.180
2256 1050.191 1082.502 8909 692.046 1386.180
2257 1344.341 1024.981 8413 1147.340 1166.315
2265 1042.133 1114.898 8378 838.963 1020.444
2277 841.677 1181.769 8727 677.258 1415.810
2281 2404.771 1205.289 7152 1587.636 332.756
2288 1889.673 1263.501 8475 1713.816 1397.273
2305 1072.581 1339.484 8713 786.401 1362.911
2315 1335.241 1379.062 8515 1146.121 1557.085
2316 1370.306 1366.896 8516 1181.579 1539.791
2317 1370.306 1366.896 8517 1181.579 1539.791
2318 1378.461 1381.517 8518 1190.212 1555.408
2320 1693.772 1344.250 8235 1509.055 1492.385
2330 1835.106 1408.209 8745 1674.457 1557.085
2346 2416.573 1596.718 6460 1841.538 312.794
2371 403.324 167.276 8772 147.652 117.907
2395 465.761 262.760 8784 231.212 256.762
2400 766.965 327.774 8997 420.777 647.077
2405 1919.077 334.299 8566 1694.131 429.119
2406 1966.864 383.008 8577 1743.163 479.719
2407 2022.289 332.412 8567 1798.318 429.317
2408 2050.943 333.143 8568 1825.951 430.456
2409 2070.739 374.014 8578 1846.791 471.764
2414 869.838 403.558 8797 567.884 429.111
2415 869.838 403.558 8798 567.884 429.111
2416 957.604 418.983 8574 778.329 490.617
2417 1574.142 412.912 8576 1342.474 506.609
2418 1990.747 442.812 8581 1769.152 540.604
2419 1990.747 442.812 8582 1769.152 540.604
2424 1574.790 462.776 8580 1344.285 558.270
2425 1579.125 505.002 8584 1348.869 602.799
2426 1974.321 556.893 8594 1756.407 656.848
2428 2036.562 557.073 8596 1818.710 657.075
2433 876.062 635.849 9003 403.028 725.224
2436 1252.452 600.314 8593 1017.201 702.368
2441 1321.457 660.850 8606 1085.955 763.511
2442 1468.660 679.423 8839 1240.887 783.642
2444 2079.847 680.535 8611 1866.508 782.918
2463 1734.374 778.883 8613 1336.089 883.200
2475 1205.771 839.977 8098 961.481 943.693
2478 1474.902 886.681 8638 1249.662 1006.499
2479 1578.111 889.205 8639 1358.551 1008.203
2480 1650.813 893.934 8640 1436.102 1011.397
2497 1331.187 956.340 8662 1132.332 1092.120
2498 1331.187 956.340 8663 1132.332 1092.120
2500 1500.701 952.425 8656 1267.932 1075.726
2520 958.355 1122.542 8868 642.826 1049.615
2522 1779.304 1143.002 8687 1607.706 1277.402
2523 1859.753 1100.620 8893 1680.158 1227.881
2528 349.783 1154.866 9033 42.924 1458.678
2539 1620.500 1193.747 8897 1399.761 1324.072
2540 1620.500 1193.747 8898 1399.761 1324.072
2541 1609.991 1209.238 8704 1386.921 1340.906
2548 719.476 1272.013 8937 548.613 1555.143
2549 719.476 1272.013 8938 548.613 1555.143
2551 1236.882 1229.552 8716 1041.035 1398.635
2552 1236.882 1229.552 8717 1041.035 1398.635
2553 1904.927 1270.969 8719 1731.205 1399.798
2559 1609.435 1285.069 8730 1404.812 1427.159
2560 1777.566 1338.283 8504 1594.290 1480.062
2571 979.145 1369.463 8756 827.383 1620.094
2572 979.145 1369.463 8757 827.383 1620.094
2573 1352.875 1347.640 8735 1163.550 1520.228
2575 1353.527 1398.596 8744 1164.800 1576.077
2619 863.724 64.134 8773 647.531 85.365
2620 863.298 101.058 8774 647.490 124.925
2623 2124.698 149.844 8780 1949.344 239.754
2624 2124.698 149.844 8781 1949.344 239.754
2628 363.788 247.982 8966 95.568 221.929
2630 396.562 207.554 8962 138.152 171.279
2631 415.293 243.226 8970 162.517 220.530
2633 1264.731 211.028 8974 1009.991 289.639
2634 1508.791 191.064 8786 1271.305 275.873
2635 1544.760 192.117 8975 1308.113 276.310
2636 1585.155 234.920 8791 1349.519 321.659
2639 623.064 262.941 8971 418.937 274.811
2644 1987.492 299.217 8799 1762.787 395.014
2651 754.254 375.857 8980 389.609 371.954
2652 1868.067 353.339 8804 1642.095 448.230
2653 1971.483 318.683 8800 1745.518 414.619
2654 1988.899 366.081 8805 1765.195 462.543
2655 2052.415 364.283 8807 1828.482 461.485
2656 2052.415 364.283 8808 1828.482 461.485
2661 2048.142 429.894 8814 1826.297 528.249
2663 1825.311 456.054 8991 1601.632 553.780
2665 2011.921 446.717 8813 1790.256 544.197
2666 2046.246 457.562 8815 1825.492 556.263
2667 1912.239 551.933 9000 1692.538 651.539
2668 1941.575 560.042 8825 1723.308 660.144
2674 399.088 580.355 8995 139.808 673.301
2675 425.156 606.661 9071 174.688 708.942
2683 1360.570 636.023 8836 1120.817 739.354
2684 1885.552 578.869 8826 1666.888 679.575
2685 2012.342 580.697 8829 1795.495 681.202
2686 2053.869 578.913 8830 1837.882 679.512
2687 2053.869 578.913 8831 1837.882 679.512
2692 1848.577 672.620 8841 1631.486 776.514
2704 817.056 878.074 9088 472.606 1091.762
2706 1324.851 901.338 8870 1099.565 1027.391
2707 1462.518 932.389 8871 1245.634 1056.728
2710 481.146 990.767 9094 253.904 1225.688
2711 1332.745 981.972 8879 1134.259 1120.344
2712 1332.745 981.972 8880 1134.259 1120.344
2725 352.153 1157.416 9111 80.875 1481.050
2734 1217.295 1238.439 8940 1163.804 1547.873
2739 1634.382 1308.915 8923 1434.846 1452.446
2740 1672.276 1335.731 9034 1489.380 1484.328
2747 1352.734 1372.839 8939 1163.804 1547.873
2789 940.596 1706.997 9182 334.348 1689.372
2790 940.596 1706.997 9183 334.348 1689.372
2803 615.135 290.600 8973 409.342 304.921
2809 1832.009 347.450 8981 1605.701 441.578
2812 1596.211 430.687 8990 1363.629 524.563
2813 2079.849 395.656 8986 1856.635 493.480
2823 2005.145 555.137 9001 1787.612 655.283
2824 1427.739 576.644 8999 1192.123 678.266
2830 1319.133 643.618 9004 1082.647 749.054
2842 664.147 906.440 9087 472.606 1091.762
2844 1264.899 904.461 9014 1041.362 1033.368
2850 1730.875 1029.023 9023 1550.427 1157.934
2857 1589.763 1200.011 9029 1364.924 1331.388
2858 1589.763 1200.011 9030 1364.924 1331.388
2869 1885.400 1423.762 9117 1725.402 1570.051
2876 765.542 1549.496 9112 543.393 1512.558
2881 751.451 1608.862 9115 526.687 1587.808
2882 751.451 1608.862 9116 526.687 1587.808
2891 389.587 237.605 9123 128.595 209.289
2892 389.587 237.605 9122 128.595 209.289
2893 1591.594 244.621 9056 1356.724 330.925
2895 360.361 284.585 9125 90.305 268.632
2896 360.361 284.585 9126 90.305 268.632
2901 576.070 366.072 9133 358.993 397.289
2902 1990.079 332.363 9059 1765.365 428.897
2903 728.644 394.604 9136 536.404 446.602
2907 833.801 448.339 9140 652.469 520.217
2910 423.783 564.685 9145 171.771 651.558
2911 423.783 564.685 9146 171.771 651.558
2913 397.847 622.202 9194 138.021 728.057
2918 1316.067 862.852 9080 1090.138 986.956
2919 1316.067 862.852 9081 1090.138 986.956
2921 478.522 950.023 9159 247.986 1169.947
2930 1732.906 972.028 9089 1544.693 1094.165
2944 1678.235 1366.792 9174 1495.032 1516.188
2963 1919.839 419.795 9141 1696.806 517.354
2964 2017.353 395.309 9137 1794.314 492.775
2965 2017.353 395.309 9138 1794.314 492.775
2967 1566.959 499.538 9144 1336.242 594.492
2968 2038.682 445.461 9142 1816.447 543.484
2969 2006.466 481.570 9192 1783.964 583.011
2976 1372.935 878.690 9201 1150.113 998.624
2985 999.535 1120.567 9162 837.359 1316.425
2992 1705.869 1248.306 9168 1503.990 1381.969
2995 1964.351 1334.115 9172 1817.283 1460.989
2999 1841.144 1437.001 9176 1681.530 1589.243
3011 441.279 229.801 9221 198.459 205.196
3013 1427.974 227.689 9185 1187.379 311.680
3014 1242.592 254.373 9186 989.193 336.260
3016 633.488 365.124 9223 432.730 403.727
3025 934.597 618.965 9195 753.455 729.583
3030 1797.535 740.852 9199 1580.981 857.216
3036 1375.182 927.931 9203 1164.679 1049.713
3037 1693.391 933.316 9237 1487.471 1051.655
3053 1537.330 232.587 9222 1301.647 318.565
3057 1549.190 442.743 9226 1316.894 535.143
3058 1968.032 428.134 9227 1745.555 525.786
3074 1763.141 1191.033 9268 1575.845 1316.268
3084 1534.148 644.329 9276 1308.413 750.445
3085 1425.518 733.378 9279 1193.980 847.652
3089 1612.978 911.983 9262 1394.360 1032.446
3093 1441.610 1001.968 9263 1235.410 1117.365
3099 1827.265 1135.727 9266 1652.770 1265.233
3100 1936.907 1137.996 9267 1777.689 1263.373
3112 1632.985 579.916 9275 1409.907 680.440
3113 1710.900 673.446 9278 1493.760 777.261
3116 1524.025 835.952 9280 1303.662 955.832
3121 1403.494 367.405 9291 1161.632 455.490
3128 1143.264 718.497 9294 950.671 801.369
IM_02 IM_03 397
3158 616.430 55.805 7144 98.195 348.684
3165 1637.119 13.030 7090 1590.894 116.832
3166 1637.119 13.030 7091 1590.894 116.832
3178 643.290 67.063 7606 400.059 424.672
3187 1004.606 95.004 6418 908.014 213.785
3188 1719.766 103.545 6420 1682.308 212.809
3189 1731.492 103.580 7110 1694.916 214.005
3190 1975.388 100.918 6431 1988.541 243.664
3191 1975.388 100.918 6432 1988.541 243.664
3192 1957.569 122.927 7136 1969.486 268.239
3193 1974.846 114.711 6473 1988.182 259.243
3194 1974.846 114.711 6474 1988.182 259.243
3195 1979.006 123.917 7140 1993.199 269.139
3197 2013.253 111.365 6433 2030.417 255.242
3198 1984.595 114.687 7139 1999.016 258.777
3200 1997.752 118.099 6475 2013.647 262.238
3222 957.793 145.454 7573 2280.979 155.987
3225 1395.616 170.517 6456 1334.615 290.682
3226 1395.616 170.517 6457 1334.615 290.682
3233 1945.445 157.122 6470 1957.014 306.648
3234 1945.445 157.122 6471 1957.014 306.648
3235 1963.419 152.853 6469 1977.036 302.018
3236 1963.138 158.158 6472 1976.940 307.520
3268 1182.229 209.499 6494 1103.906 339.703
3270 1395.705 219.662 7149 1335.747 345.095
3274 2031.506 250.684 7823 2346.277 1267.273
3275 2093.388 242.062 7210 2225.618 516.282
3300 1396.172 262.341 6528 1337.457 391.989
3303 1760.733 279.137 6531 1730.687 402.524
3305 1845.992 264.177 6534 1821.670 384.755
3306 1845.992 264.177 6535 1821.670 384.755
3326 1654.561 338.212 6554 1618.324 469.011
3328 1666.734 362.722 6557 1631.785 495.615
3331 1794.892 377.356 6563 1770.680 509.367
3332 1794.892 377.356 6564 1770.680 509.367
3333 1851.060 371.365 6567 1830.858 502.161
3334 1854.408 377.734 7194 1834.884 508.810
3335 1854.408 377.734 7195 1834.884 508.810
3350 1117.596 421.414 7198 1038.703 575.421
3351 1181.529 426.401 6598 1108.740 579.606
3352 1269.500 430.233 6607 1204.851 580.902
3353 1313.333 432.412 6608 1252.487 581.754
3354 1399.008 392.260 6577 1344.477 534.779
3355 1356.639 434.595 6611 1299.499 582.830
3358 1823.492 386.923 7206 1801.635 519.239
3359 1796.627 422.242 6583 1774.164 558.581
3360 1803.937 422.908 7205 1781.804 559.082
3363 1875.021 428.233 7207 1858.725 563.567
3375 972.003 480.736 7702 870.389 788.769
3376 1006.045 510.607 7239 919.580 694.474
3377 1121.321 456.845 7215 1044.528 614.765
3379 1432.242 461.418 6616 1380.800 604.855
3380 1432.242 461.418 6617 1380.800 604.855
3381 1642.486 482.674 6618 1609.845 627.818
3384 1665.622 483.532 6619 1634.493 628.114
3386 1734.194 485.867 6621 1708.778 629.455
3389 1827.987 488.616 7221 1810.482 630.667
3390 1839.945 489.039 7222 1822.901 630.947
3391 1839.945 489.039 7223 1822.901 630.947
3407 1212.108 527.227 6644 1144.765 690.029
3411 1491.148 563.211 7262 1450.162 726.436
3412 1530.513 572.680 6693 1509.959 734.392
3415 1615.238 557.184 6695 1582.554 705.116
3417 1753.244 519.317 7249 1730.069 665.687
3418 1743.028 543.316 6662 1720.109 692.489
3420 1795.884 531.776 6666 1776.784 679.004
3421 1795.884 531.776 6665 1776.784 679.004
3422 1815.318 540.235 6664 1735.065 687.417
3423 1823.921 545.722 7248 1681.968 692.360
3425 1866.095 530.715 7375 2339.720 1096.801
3438 1390.699 617.226 7275 1530.674 794.874
3441 1634.450 591.190 6697 1604.468 747.444
3443 1630.599 610.190 6711 1600.689 768.515
3449 1676.578 619.738 6714 1650.863 778.172
3477 870.220 661.434 7251 697.731 760.778
3481 1403.584 667.598 6727 1359.071 847.032
3486 1577.358 674.781 6734 1548.618 851.288
3487 1611.676 651.639 6709 1579.099 807.095
3488 1611.676 651.639 6710 1579.099 807.095
3517 1292.768 720.578 7308 1239.439 910.997
3519 1390.148 735.280 7311 1346.456 924.031
3525 1485.687 739.654 6767 1450.175 926.954
3527 1559.282 704.840 6730 1530.581 885.955
3569 757.468 794.849 6918 597.437 1338.334
3577 1859.554 827.897 6798 1862.980 1019.910
3600 1215.322 879.014 7367 1163.451 1135.962
3601 1215.322 879.014 7366 1163.451 1135.962
3602 1203.480 885.286 6851 1150.471 1145.464
3637 1194.668 909.678 6874 1141.618 1173.796
3698 1628.389 1024.083 6903 1626.118 1277.446
3740 1086.506 1137.896 7479 1027.430 1452.833
3742 1105.803 1104.784 7477 1048.675 1411.987
3743 1098.509 1121.619 6963 1040.886 1432.375
3746 1094.722 1131.177 7478 1037.153 1444.126
3750 1396.801 1119.321 6921 1359.454 1313.348
3785 840.689 1181.158 6919 875.098 1293.522
3786 1262.651 1206.825 6968 1221.393 1442.573
3787 1268.103 1201.005 6967 1226.503 1436.237
3810 1876.414 1202.199 7530 1931.464 1537.538
3830 1215.181 1276.195 7523 1176.042 1579.640
3832 1219.658 1266.749 7021 1180.663 1568.234
3833 1224.496 1274.319 7022 1185.773 1575.801
3869 1819.560 1287.830 7052 1862.254 1615.259
3902 1790.767 1404.793 7340 747.769 1080.390
3975 1010.271 1597.710 7018 913.437 1555.592
4051 1944.726 104.410 7579 1954.280 248.175
4052 1975.962 108.698 7113 1989.342 252.225
4053 1975.962 108.698 7114 1989.342 252.225
4054 1982.042 104.090 7112 1995.617 247.361
4055 2012.763 117.825 7592 2030.276 261.748
4056 2012.763 117.825 7593 2030.276 261.748
4078 1113.315 182.887 7126 1028.490 307.686
4079 1113.315 182.887 7127 1028.490 307.686
4080 1347.642 162.071 7129 1281.966 283.169
4082 1401.497 178.621 7131 1340.533 299.217
4083 1536.727 173.248 7587 1486.575 291.254
4084 1536.727 173.248 7588 1486.575 291.254
4103 965.306 315.493 7654 855.869 590.487
4104 965.306 315.493 7655 855.869 590.487
4105 1359.776 304.295 7618 1299.035 439.015
4106 1359.776 304.295 7619 1299.035 439.015
4111 1689.498 304.962 7180 1654.823 432.354
4114 2062.842 310.899 7664 2184.534 593.699
4127 840.715 364.027 7612 689.948 433.572
4130 1124.334 363.209 7630 1044.909 511.127
4131 1398.447 348.278 7191 1342.333 486.490
4132 1745.550 324.291 7631 1716.127 452.161
4133 1745.550 324.291 7632 1716.127 452.161
4134 1755.334 331.404 7633 1726.688 459.553
4135 1837.720 332.569 7193 1815.329 459.219
4136 1828.314 381.819 7648 1806.732 513.617
4143 1122.893 441.403 7214 1044.823 597.462
4144 1400.992 436.015 7216 1347.610 582.989
4147 1781.479 396.344 7201 1757.064 530.452
4148 1742.920 423.346 7199 1716.022 561.053
4149 1742.920 423.346 7200 1716.022 561.053
4150 1758.359 444.994 7660 1733.534 584.139
4151 1758.359 444.994 7659 1733.534 584.139
4152 1789.437 418.271 7204 1765.947 554.331
4154 1873.993 443.451 7226 1857.990 580.385
4155 1873.993 443.451 7227 1857.990 580.385
4156 1902.854 416.046 7208 1888.102 549.964
4164 1078.382 511.084 7241 997.722 694.367
4167 1783.111 465.667 7661 1760.817 606.669
4190 1681.386 528.316 7247 1653.256 677.425
4200 534.450 622.666 7678 168.447 752.383
4201 520.745 629.487 8338 141.965 764.642
4202 805.297 604.478 7252 719.449 706.606
4208 1205.542 629.443 7268 1138.958 790.945
4209 1200.383 635.554 7267 1133.958 797.465
4210 1391.149 590.848 7689 1342.511 760.993
4211 1562.745 598.108 7696 1529.955 765.213
4212 1670.115 601.553 7700 1644.057 758.172
4224 1393.299 662.705 7282 1347.426 841.775
4225 1402.172 673.990 7283 1357.632 855.642
4253 1575.283 709.611 7717 1357.021 886.626
4294 1000.603 819.526 7789 916.674 1195.044
4318 981.372 866.995 8111 857.719 992.781
4342 1017.844 919.383 7786 919.356 1154.857
4343 1012.441 929.715 7788 913.355 1170.782
4385 1980.522 1049.257 7353 1990.205 1029.358
4396 1110.281 1094.495 7449 1053.125 1399.581
4397 1279.066 1112.619 6920 1234.632 1311.872
4399 1431.830 1136.544 7428 1397.587 1330.450
4400 1445.919 1137.071 7829 1413.005 1330.970
4401 1460.144 1137.302 7830 1428.491 1330.956
4442 1262.238 1194.259 6965 1220.673 1429.512
4444 1421.022 1206.131 7480 1392.983 1435.475
4445 1460.378 1206.125 7481 1436.119 1434.743
4446 1466.865 1212.705 7483 1443.541 1442.475
4448 1493.812 1179.702 7452 1471.909 1407.467
4459 1899.458 1199.234 7466 1853.228 1381.181
4470 1231.449 1244.823 7907 1193.099 1541.258
4471 1426.616 1220.774 7864 1399.532 1454.446
4472 1451.208 1222.369 7482 1427.309 1455.776
4501 637.626 1296.293 6785 762.874 1016.534
4531 1872.556 1355.001 7870 1890.093 1454.575
4555 2007.456 1422.555 7882 2295.965 1464.899
4573 1013.291 1576.189 7886 914.348 1528.899
4635 1991.742 115.554 7591 2006.809 259.882
4636 1991.742 115.554 7590 2006.809 259.882
4678 1158.743 292.704 7617 1080.420 432.077
4679 1657.589 295.679 8012 1620.465 422.280
4680 1657.589 295.679 7621 1620.424 422.126
4683 1703.153 288.129 8014 1669.218 412.865
4695 1157.550 379.811 7646 1081.321 528.527
4696 1764.001 325.601 7637 1735.639 452.875
4697 1780.287 326.891 7638 1753.313 454.364
4698 1755.294 352.135 7635 1727.214 482.571
4699 1744.832 361.632 7636 1716.065 492.638
4701 1792.460 352.956 7639 1767.098 483.098
4702 1859.353 327.967 7640 1838.209 453.897
4703 1902.202 372.021 7642 1885.592 501.629
4714 1360.956 388.678 8039 1302.817 532.285
4715 1360.956 388.678 8040 1302.817 532.285
4717 1685.799 437.766 7657 1654.672 577.435
4718 1810.768 385.957 7647 1787.642 517.647
4719 1822.401 411.847 8047 1801.331 546.570
4721 1840.446 384.148 7649 1820.216 515.525
4722 1860.565 408.972 7652 1842.310 542.798
4732 1786.990 484.748 8054 1766.535 627.084
4733 1867.375 488.274 7663 1852.494 629.719
4739 551.689 564.684 8586 200.946 664.209
4745 1200.731 532.809 7244 1132.470 696.256
4753 1671.394 552.426 7675 1643.230 703.914
4754 1783.973 546.024 8065 1764.405 694.866
4755 1855.366 547.757 7676 1841.863 695.358
4763 741.306 577.705 8125 561.465 1041.412
4783 1112.762 662.483 6722 1043.191 871.788
4784 1112.762 662.483 6723 1043.191 871.788
4785 1406.459 694.475 7715 1363.053 878.565
4786 1406.459 694.475 7714 1363.053 878.565
4787 1400.707 701.413 7716 1357.021 886.626
4789 1423.157 644.623 7269 1378.819 803.207
4790 1566.359 680.850 7719 1537.126 858.720
4807 1561.017 744.642 8102 1532.563 931.385
4852 1246.765 882.505 7777 1194.923 1094.880
4854 1855.574 835.334 7762 1858.234 1027.884
4883 544.810 982.859 7805 190.619 1237.790
4923 1270.167 1145.854 8191 1226.267 1345.797
4925 1475.205 1136.779 7831 1444.010 1330.001
4970 1464.247 1223.307 8214 1441.542 1457.020
4972 1530.627 1272.734 8236 1521.271 1528.881
4978 1939.206 1262.293 7810 1963.258 1224.813
5020 2011.531 1410.775 8212 2315.064 1402.759
5056 685.437 1643.776 8536 358.321 1680.773
5083 410.134 69.035 7976 434.547 228.132
5084 410.134 69.035 7977 434.547 228.132
5085 1119.078 94.707 7981 1032.494 211.923
5087 1129.697 112.142 8278 1044.286 231.428
5088 1959.080 113.282 7993 1970.878 257.317
5091 848.353 132.856 8303 699.029 415.808
5092 848.353 132.856 8304 699.029 415.808
5094 923.881 184.048 8309 799.846 447.504
5096 1128.618 148.751 7986 1043.800 274.163
5100 1979.129 180.697 8004 1995.572 331.191
5109 1172.556 195.523 8002 1093.028 324.360
5124 1626.170 275.962 8011 1586.747 399.802
5125 2062.699 306.227 6952 1855.192 1395.526
5132 1791.591 341.137 8314 1766.282 469.407
5133 1886.480 330.338 8029 1867.119 456.249
5134 1900.774 330.944 8031 1882.668 456.675
5135 1900.774 330.944 8030 1882.668 456.675
5136 1857.278 369.034 8318 1840.086 499.134
5137 1890.471 368.808 8032 1872.908 498.688
5146 1119.337 383.217 8036 1039.906 534.104
5148 1259.253 398.215 8037 1192.772 545.947
5150 1826.404 400.730 8044 1805.174 534.013
5151 1871.165 386.701 8045 1852.839 518.306
5152 1871.165 386.701 8046 1852.839 518.306
5153 1875.174 412.532 8050 1857.948 546.468
5154 1875.174 412.532 8051 1857.948 546.468
5155 1893.495 406.979 8048 1877.777 540.370
5156 1893.495 406.979 8049 1877.777 540.370
5163 1347.561 492.279 8063 1291.313 646.984
5164 1347.561 492.279 8064 1291.313 646.984
5165 1803.555 456.419 8327 1782.654 595.977
5166 1803.555 456.419 8328 1782.654 595.977
5173 1310.092 549.200 8348 1254.802 712.070
5189 1560.242 577.205 8075 1527.346 738.654
5191 1706.270 603.420 8076 1682.246 759.389
5197 1901.751 606.635 8077 1892.960 759.537
5217 1093.839 740.445 8379 1021.021 962.511
5292 1927.772 1008.493 8119 1987.438 1020.319
5316 999.061 1090.126 8376 848.552 999.230
5321 1414.375 1127.002 8176 1378.802 1320.594
5342 1440.844 1211.629 8488 1414.651 1441.338
5348 1976.081 1199.325 8153 1997.700 1168.142
5352 2027.475 1160.665 7767 1975.230 1082.615
5379 960.119 1354.161 8501 922.448 1518.167
5380 960.119 1354.161 8500 922.448 1518.167
5395 1989.967 1416.471 8530 2236.825 1576.352
5460 494.648 213.280 8555 408.303 349.607
5463 1395.107 231.512 8297 1335.485 357.763
5464 1640.487 255.419 8560 1600.614 378.915
5469 1409.163 263.450 8308 1350.596 391.545
5470 1849.118 306.064 8568 1825.951 430.456
5481 1770.191 349.494 8577 1743.163 479.719
5482 1805.276 338.219 8315 1780.785 465.963
5486 1869.943 400.563 8322 1852.368 533.838
5487 1898.671 394.859 8323 1882.628 526.786
5488 1879.611 425.150 8324 1863.192 560.189
5490 1893.965 456.949 8329 1879.884 595.095
5492 518.482 569.600 8587 402.022 675.387
5497 1800.168 546.895 8595 1781.658 695.570
5503 795.908 601.697 8821 594.158 693.304
5505 1157.946 588.045 8606 1085.955 763.511
5518 1004.681 661.950 6683 885.711 766.022
5521 1382.140 697.105 8614 1527.283 888.387
5556 1206.017 859.863 8398 1152.503 1115.120
5579 1200.179 902.926 8413 1147.340 1166.315
5588 1312.806 984.430 8401 1266.333 1134.700
5594 418.584 1044.976 7473 2304.021 1400.317
5628 842.563 1173.931 8388 740.385 1028.723
5634 1266.429 1208.027 8487 1225.702 1444.060
5643 739.634 1233.752 8447 783.887 1342.733
5646 1228.818 1256.628 8518 1190.212 1555.408
5670 961.724 1368.000 8431 886.627 1277.141
5681 883.177 1460.798 8713 786.401 1362.911
5708 413.626 52.504 8546 430.895 244.657
5719 1975.272 152.202 8553 1989.954 300.782
5720 1975.272 152.202 8554 1989.954 300.782
5739 1726.294 302.566 8566 1694.131 429.119
5741 1822.589 304.280 8567 1798.318 429.317
5744 2370.112 304.883 7985 2410.496 218.038
5749 1399.504 367.533 8576 1342.474 506.609
5751 1850.009 333.973 8808 1828.482 461.485
5752 1850.009 333.973 8807 1828.482 461.485
5755 1866.795 344.191 8578 1846.791 471.764
5758 2341.040 362.402 7151 1587.731 321.710
5762 1397.922 413.048 8580 1344.285 558.270
5763 1792.503 405.686 8581 1769.152 540.604
5764 1792.503 405.686 8582 1769.152 540.604
5770 1776.692 511.574 8594 1756.407 656.848
5771 676.898 565.686 8997 420.777 647.077
5772 676.898 565.686 8998 420.777 647.077
5775 1188.258 572.525 8836 1120.817 739.354
5781 1754.265 532.902 8828 1732.461 680.681
5783 1812.693 534.267 8829 1795.495 681.202
5785 1835.436 512.712 8596 1818.710 657.075
5788 1855.089 533.861 8831 1837.882 679.512
5792 662.496 601.718 8832 576.592 722.344
5797 1875.777 626.901 8611 1866.508 782.918
5825 714.832 889.204 8635 750.910 1000.432
5828 1191.036 886.309 8881 1135.955 1149.072
5829 1318.349 868.854 8656 1267.932 1075.726
5838 702.409 937.034 8864 627.105 1085.858
5839 702.409 937.034 8863 627.105 1085.858
5872 1084.067 1126.526 8922 1023.628 1441.546
5874 1432.512 1130.329 8897 1399.761 1324.072
5875 1432.512 1130.329 8898 1399.761 1324.072
5880 1509.545 1128.627 8900 1479.964 1321.033
5898 1432.779 1198.183 8730 1404.812 1427.159
5906 1205.065 1220.847 8735 1163.550 1520.228
5907 1205.065 1220.847 8736 1163.550 1520.228
5908 1205.999 1270.688 8744 1164.800 1576.077
5913 1675.026 1242.694 8930 1675.719 1475.926
5946 1940.492 97.201 8780 1949.344 239.754
5953 1371.947 156.565 8975 1308.113 276.310
5968 1787.952 272.571 8799 1762.787 395.014
5972 2062.083 293.717 8994 2183.849 570.740
5973 2062.083 293.717 8993 2183.849 570.740
5976 1677.891 319.952 8804 1642.095 448.230
5977 1875.510 364.162 8986 1856.635 493.480
5982 1636.921 414.782 8991 1601.632 553.780
5983 1812.371 409.327 8813 1790.256 544.197
5984 1844.279 420.450 8815 1825.492 556.263
5988 1694.070 530.657 8826 1666.888 679.575
5990 1850.526 532.866 8830 1837.882 679.512
6007 1030.904 741.806 9079 946.958 968.125
6036 1081.426 1099.389 8940 1163.804 1547.873
6049 743.313 1272.294 8908 692.046 1386.180
6050 743.313 1272.294 8909 692.046 1386.180
6053 628.110 1332.001 8919 699.963 1429.203
6077 780.684 1582.169 9116 526.687 1587.808
6090 732.138 115.003 9136 536.404 446.602
6094 1095.673 164.327 8974 1009.991 289.639
6105 1643.818 314.429 8981 1605.701 441.578
6107 1137.565 361.738 8985 1059.032 508.808
6110 1417.934 388.362 8990 1363.629 524.563
6111 1812.431 437.768 9068 1790.528 576.323
6113 1718.463 504.931 9000 1692.538 651.539
6114 1806.121 509.357 9001 1787.612 655.283
6119 1256.688 517.412 8999 1192.123 678.266
6120 517.164 607.841 9072 402.319 720.982
6121 517.164 607.841 9073 402.319 720.982
6122 1629.555 615.410 8840 1596.999 775.311
6123 1659.660 616.336 8841 1631.486 776.514
6143 560.832 994.492 9210 218.654 1256.768
6149 1401.735 1136.815 9029 1364.924 1331.388
6192 1416.034 209.899 9056 1356.724 330.925
6197 1825.604 275.979 9060 1800.043 398.874
6198 1792.086 303.400 9059 1765.365 428.897
6230 1129.905 175.910 9127 1043.208 301.218
6236 1817.441 362.029 9137 1794.314 492.775
6237 1817.441 362.029 9138 1794.314 492.775
6238 1837.864 409.364 9142 1816.447 543.484
6261 1672.422 1312.183 9176 1681.530 1589.243
6269 1261.310 186.424 9185 1187.379 311.680
6270 1076.450 208.661 9186 989.193 336.260
6271 1364.768 195.120 9222 1301.647 318.565
6274 1870.922 361.931 9190 1851.834 489.827
6276 1374.642 392.321 9226 1316.894 535.143
6279 1083.230 695.080 9232 1008.579 907.838
6287 1617.414 795.465 9236 1600.236 985.044
6305 765.480 252.497 9253 594.205 600.238
6307 1771.201 391.501 9227 1745.555 525.786
6318 1763.577 1025.949 9267 1777.689 1263.373
6327 1363.324 576.674 9276 1308.413 750.445
6348 1456.047 524.298 9275 1409.907 680.440
6351 1529.999 607.934 9278 1493.760 777.261
6352 1658.623 578.051 9277 1631.436 735.533
6355 1528.330 761.290 9295 1499.756 945.237
6366 1056.948 589.409 9305 968.871 790.171
6373 1064.058 323.004 9302 980.475 464.165
6383 1179.236 630.898 9315 1106.927 826.140
6384 1179.236 630.898 9316 1106.927 826.140
